<?xml version="1.0" encoding="utf-8"?>
<COLLADA xmlns="http://www.collada.org/2005/11/COLLADASchema" version="1.4.1">
  <asset><contributor><author>Mixamo</author><authoring_tool>COLLADA Mixamo exporter</authoring_tool><comments></comments></contributor><created>2018-05-13T14:36:13Z</created><modified>2018-05-13T14:36:13Z</modified><revision></revision><title></title><unit meter="0.010000"/><up_axis>Y_UP</up_axis></asset>
  <library_animations>
    <animation id="Hips-anim" name="Hips"><source id="Hips-Matrix-animation-input"><float_array id="Hips-Matrix-animation-input-array" count="20">

0.000000 0.033333 0.066667 0.100000 0.133333 0.166667 0.200000 0.233333 0.266667 0.300000 0.333333 0.366667 0.400000 0.433333 0.466667 0.500000
0.533333 0.566667 0.600000 0.633333</float_array><technique_common><accessor source="#Hips-Matrix-animation-input-array" count="20"><param name="TIME" type="float"/></accessor></technique_common></source><source id="Hips-Matrix-animation-output-transform"><float_array id="Hips-Matrix-animation-output-transform-array" count="320">

0.927226 0.058023 -0.369980 0.543719 -0.140611 0.969585 -0.200334 114.572525 0.347103 0.237778 0.907183 -0.811011 0.000000 0.000000 0.000000 1.000000
0.949285 -0.048707 -0.310620 -1.510760 0.009892 0.992066 -0.125332 122.692139 0.314260 0.115903 0.942235 -2.408567 0.000000 0.000000 0.000000 1.000000
0.944086 -0.133859 -0.301304 -3.505042 0.124889 0.990963 -0.048932 130.768295 0.305131 0.008567 0.952272 -4.398324 0.000000 0.000000 0.000000 1.000000
0.934603 -0.167624 -0.313718 -2.994576 0.181927 0.983171 0.016660 136.655670 0.305646 -0.072644 0.949370 -6.495103 0.000000 0.000000 0.000000 1.000000
0.920616 -0.149641 -0.360659 -1.403713 0.187813 0.979487 0.073012 139.703049 0.342335 -0.134952 0.929836 -8.064444 0.000000 0.000000 0.000000 1.000000
0.894558 -0.117533 -0.431223 -0.220989 0.184062 0.976070 0.115795 140.422348 0.407294 -0.182957 0.894784 -9.534620 0.000000 0.000000 0.000000 1.000000
0.857495 -0.106110 -0.503431 0.728321 0.196204 0.971998 0.129323 139.739716 0.475611 -0.209669 0.854302 -11.143977 0.000000 0.000000 0.000000 1.000000
0.823683 -0.104851 -0.557272 1.586741 0.197351 0.974324 0.108378 138.425354 0.531600 -0.199247 0.823226 -13.018109 0.000000 0.000000 0.000000 1.000000
0.805859 -0.110798 -0.581649 2.247832 0.174159 0.983236 0.053997 136.840256 0.565915 -0.144813 0.811646 -14.871749 0.000000 0.000000 0.000000 1.000000
0.804707 -0.116810 -0.582066 2.464646 0.125871 0.991731 -0.025005 135.787933 0.580174 -0.053144 0.812757 -16.300505 0.000000 0.000000 0.000000 1.000000
0.809442 -0.120066 -0.574794 2.234102 0.069828 0.991608 -0.108798 135.521225 0.583034 0.047929 0.811033 -17.272341 0.000000 0.000000 0.000000 1.000000
0.815211 -0.120874 -0.566410 2.033077 0.025632 0.984550 -0.173215 135.368805 0.578597 0.126688 0.805715 -17.353827 0.000000 0.000000 0.000000 1.000000
0.828803 -0.124933 -0.545414 1.847498 0.012379 0.978610 -0.205351 134.728729 0.559403 0.163444 0.812622 -15.566122 0.000000 0.000000 0.000000 1.000000
0.860110 -0.131522 -0.492862 1.731868 0.030872 0.977840 -0.207065 132.740799 0.509174 0.162884 0.845110 -12.254512 0.000000 0.000000 0.000000 1.000000
0.906391 -0.139995 -0.398569 1.514446 0.069144 0.979932 -0.186954 129.165649 0.416743 0.141895 0.897881 -8.375355 0.000000 0.000000 0.000000 1.000000
0.951641 -0.128701 -0.278954 1.115940 0.087920 0.984134 -0.154113 124.601105 0.294362 0.122134 0.947858 -4.869483 0.000000 0.000000 0.000000 1.000000
0.980191 -0.088377 -0.177245 0.534669 0.064928 0.988853 -0.133993 119.476189 0.187111 0.119830 0.975003 -2.503918 0.000000 0.000000 0.000000 1.000000
0.987843 -0.033205 -0.151864 -0.006503 0.010982 0.989386 -0.144897 115.677551 0.155064 0.141468 0.977723 -0.140706 0.000000 0.000000 0.000000 1.000000
0.968424 0.015508 -0.248826 0.186943 -0.061003 0.982464 -0.176190 114.742935 0.241730 0.185805 0.952388 -0.011717 0.000000 0.000000 0.000000 1.000000
0.927226 0.058023 -0.369980 0.544740 -0.140611 0.969585 -0.200334 114.572533 0.347103 0.237778 0.907183 -0.811012 0.000000 0.000000 0.000000 1.000000</float_array><technique_common><accessor source="#Hips-Matrix-animation-output-transform-array" count="20" stride="16"><param type="float4x4"/></accessor></technique_common></source><source id="Hips-Interpolations"><Name_array id="Hips-Interpolations-array" count="20">
 LINEAR LINEAR LINEAR LINEAR LINEAR LINEAR LINEAR LINEAR LINEAR LINEAR LINEAR
LINEAR LINEAR LINEAR LINEAR LINEAR LINEAR LINEAR LINEAR LINEAR</Name_array><technique_common><accessor source="#Hips-Interpolations-array" count="20"><param type="name"/></accessor></technique_common></source><sampler id="Hips-Matrix-animation-transform"><input semantic="INPUT" source="#Hips-Matrix-animation-input"/><input semantic="OUTPUT" source="#Hips-Matrix-animation-output-transform"/><input semantic="INTERPOLATION" source="#Hips-Interpolations"/></sampler><channel source="#Hips-Matrix-animation-transform" target="Hips/matrix"/></animation>
    <animation id="Spine-anim" name="Spine"><source id="Spine-Matrix-animation-input"><float_array id="Spine-Matrix-animation-input-array" count="20">

0.000000 0.033333 0.066667 0.100000 0.133333 0.166667 0.200000 0.233333 0.266667 0.300000 0.333333 0.366667 0.400000 0.433333 0.466667 0.500000
0.533333 0.566667 0.600000 0.633333</float_array><technique_common><accessor source="#Spine-Matrix-animation-input-array" count="20"><param name="TIME" type="float"/></accessor></technique_common></source><source id="Spine-Matrix-animation-output-transform"><float_array id="Spine-Matrix-animation-output-transform-array" count="320">

0.988338 -0.124700 0.087391 0.000200 0.152243 0.797646 -0.583595 10.849300 0.003067 0.590094 0.807329 -0.097300 0.000000 0.000000 0.000000 1.000000
0.998219 0.012624 0.058303 0.000200 0.018975 0.859396 -0.510958 10.849300 -0.056556 0.511154 0.857626 -0.097300 0.000000 0.000000 0.000000 1.000000
0.988373 0.150961 0.018165 0.000200 -0.125696 0.878436 -0.461033 10.849300 -0.085555 0.453389 0.887197 -0.097300 0.000000 0.000000 0.000000 1.000000
0.971269 0.237211 -0.019192 0.000200 -0.219683 0.862639 -0.455625 10.849300 -0.091524 0.446750 0.889965 -0.097300 0.000000 0.000000 0.000000 1.000000
0.955962 0.290890 -0.038978 0.000200 -0.270162 0.820296 -0.504110 10.849300 -0.114667 0.492441 0.862759 -0.097300 0.000000 0.000000 0.000000 1.000000
0.934340 0.353020 -0.048842 0.000200 -0.311387 0.742011 -0.593682 10.849300 -0.173340 0.569910 0.803216 -0.097300 0.000000 0.000000 0.000000 1.000000
0.900628 0.428750 -0.071005 0.000200 -0.354739 0.630885 -0.690032 10.849300 -0.251055 0.646651 0.720288 -0.097300 0.000000 0.000000 0.000000 1.000000
0.873191 0.476159 -0.103973 0.000200 -0.374427 0.518818 -0.768526 10.849300 -0.311998 0.710000 0.631314 -0.097300 0.000000 0.000000 0.000000 1.000000
0.868045 0.476302 -0.140124 0.000200 -0.373936 0.441543 -0.815605 10.849300 -0.326604 0.760379 0.561385 -0.097300 0.000000 0.000000 0.000000 1.000000
0.885343 0.436265 -0.160749 0.000200 -0.358297 0.419866 -0.833868 10.849300 -0.296294 0.795855 0.528038 -0.097300 0.000000 0.000000 0.000000 1.000000
0.910395 0.381413 -0.160326 0.000200 -0.332768 0.444745 -0.831545 10.849300 -0.245858 0.810386 0.531815 -0.097300 0.000000 0.000000 0.000000 1.000000
0.933798 0.327609 -0.143854 0.000200 -0.298968 0.493536 -0.816726 10.849300 -0.196570 0.805664 0.558807 -0.097300 0.000000 0.000000 0.000000 1.000000
0.953055 0.275131 -0.126449 0.000200 -0.263868 0.549793 -0.792528 10.849300 -0.148528 0.788689 0.596581 -0.097300 0.000000 0.000000 0.000000 1.000000
0.969329 0.214487 -0.119988 0.000200 -0.229073 0.611623 -0.757260 10.849300 -0.089035 0.761520 0.641997 -0.097300 0.000000 0.000000 0.000000 1.000000
0.979706 0.146210 -0.137109 0.000200 -0.200152 0.676947 -0.708295 10.849300 -0.010744 0.721363 0.692474 -0.097300 0.000000 0.000000 0.000000 1.000000
0.984130 0.067918 -0.163934 0.000200 -0.160496 0.734738 -0.659091 10.849300 0.075685 0.674942 0.733979 -0.097300 0.000000 0.000000 0.000000 1.000000
0.984557 -0.013442 -0.174550 0.000200 -0.098877 0.780099 -0.617794 10.849300 0.144471 0.625512 0.766722 -0.097300 0.000000 0.000000 0.000000 1.000000
0.987367 -0.077010 -0.138479 0.000200 -0.018036 0.813647 -0.581079 10.849300 0.157422 0.576236 0.801979 -0.097300 0.000000 0.000000 0.000000 1.000000
0.995122 -0.095030 -0.026469 0.000200 0.062693 0.816400 -0.574073 10.849300 0.076164 0.569614 0.818376 -0.097300 0.000000 0.000000 0.000000 1.000000
0.988338 -0.124700 0.087392 0.000200 0.152243 0.797646 -0.583594 10.849300 0.003067 0.590093 0.807329 -0.097300 0.000000 0.000000 0.000000 1.000000</float_array><technique_common><accessor source="#Spine-Matrix-animation-output-transform-array" count="20" stride="16"><param type="float4x4"/></accessor></technique_common></source><source id="Spine-Interpolations"><Name_array id="Spine-Interpolations-array" count="20">
 LINEAR LINEAR LINEAR LINEAR LINEAR LINEAR LINEAR LINEAR LINEAR LINEAR LINEAR
LINEAR LINEAR LINEAR LINEAR LINEAR LINEAR LINEAR LINEAR LINEAR</Name_array><technique_common><accessor source="#Spine-Interpolations-array" count="20"><param type="name"/></accessor></technique_common></source><sampler id="Spine-Matrix-animation-transform"><input semantic="INPUT" source="#Spine-Matrix-animation-input"/><input semantic="OUTPUT" source="#Spine-Matrix-animation-output-transform"/><input semantic="INTERPOLATION" source="#Spine-Interpolations"/></sampler><channel source="#Spine-Matrix-animation-transform" target="Spine/matrix"/></animation>
    <animation id="Spine1-anim" name="Spine1"><source id="Spine1-Matrix-animation-input"><float_array id="Spine1-Matrix-animation-input-array" count="20">

0.000000 0.033333 0.066667 0.100000 0.133333 0.166667 0.200000 0.233333 0.266667 0.300000 0.333333 0.366667 0.400000 0.433333 0.466667 0.500000
0.533333 0.566667 0.600000 0.633333</float_array><technique_common><accessor source="#Spine1-Matrix-animation-input-array" count="20"><param name="TIME" type="float"/></accessor></technique_common></source><source id="Spine1-Matrix-animation-output-transform"><float_array id="Spine1-Matrix-animation-output-transform-array" count="320">

0.996527 0.079349 0.025239 0.000000 -0.080536 0.995490 0.050133 12.657500 -0.021147 -0.051991 0.998424 -0.113600 0.000000 0.000000 0.000000 1.000000
0.998099 0.056541 0.024510 -0.000000 -0.057865 0.996687 0.057159 12.657500 -0.021197 -0.058469 0.998064 -0.113600 0.000000 0.000000 0.000000 1.000000
0.999042 0.036013 0.024878 -0.000000 -0.037360 0.997733 0.055970 12.657500 -0.022806 -0.056846 0.998122 -0.113600 0.000000 0.000000 0.000000 1.000000
0.999489 0.000257 0.031960 0.000000 -0.001613 0.999099 0.042418 12.657500 -0.031921 -0.042448 0.998589 -0.113600 0.000000 0.000000 0.000000 1.000000
0.998593 -0.027199 0.045526 0.000000 0.026116 0.999366 0.024209 12.657500 -0.046155 -0.022986 0.998670 -0.113600 0.000000 0.000000 0.000000 1.000000
0.997678 -0.031622 0.060327 0.000000 0.031049 0.999464 0.010415 12.657500 -0.060624 -0.008518 0.998124 -0.113600 0.000000 0.000000 0.000000 1.000000
0.997406 -0.015924 0.070195 -0.000000 0.015575 0.999863 0.005526 12.657500 -0.070273 -0.004419 0.997518 -0.113600 0.000000 0.000000 0.000000 1.000000
0.997477 0.009982 0.070289 0.000000 -0.010607 0.999907 0.008523 12.657500 -0.070197 -0.009247 0.997490 -0.113600 0.000000 0.000000 0.000000 1.000000
0.997412 0.037801 0.061152 0.000000 -0.038877 0.999108 0.016496 12.657500 -0.060474 -0.018831 0.997992 -0.113600 0.000000 0.000000 0.000000 1.000000
0.997045 0.060367 0.047509 0.000000 -0.061667 0.997748 0.026374 12.657500 -0.045809 -0.029225 0.998523 -0.113600 0.000000 0.000000 0.000000 1.000000
0.996701 0.072856 0.035758 -0.000000 -0.074085 0.996660 0.034343 12.657500 -0.033137 -0.036879 0.998770 -0.113600 0.000000 0.000000 0.000000 1.000000
0.996820 0.074344 0.028672 -0.000000 -0.075372 0.996483 0.036615 12.657500 -0.025849 -0.038660 0.998918 -0.113600 0.000000 0.000000 0.000000 1.000000
0.997309 0.068566 0.025962 0.000000 -0.069417 0.997026 0.033473 12.657500 -0.023590 -0.035185 0.999102 -0.113600 0.000000 0.000000 0.000000 1.000000
0.997774 0.061760 0.025174 0.000000 -0.062505 0.997594 0.029977 12.657500 -0.023262 -0.031484 0.999234 -0.113600 0.000000 0.000000 0.000000 1.000000
0.997897 0.060584 0.023033 0.000000 -0.061279 0.997646 0.030778 12.657500 -0.021114 -0.032125 0.999261 -0.113600 0.000000 0.000000 0.000000 1.000000
0.997628 0.066430 0.018012 0.000000 -0.067015 0.997170 0.034084 12.657500 -0.015697 -0.035210 0.999257 -0.113600 0.000000 0.000000 0.000000 1.000000
0.996984 0.076615 0.012352 0.000000 -0.077052 0.996227 0.039945 12.657500 -0.009245 -0.040776 0.999126 -0.113600 0.000000 0.000000 0.000000 1.000000
0.996450 0.083541 0.010443 0.000000 -0.083973 0.995110 0.051998 12.657500 -0.006048 -0.052691 0.998593 -0.113600 0.000000 0.000000 0.000000 1.000000
0.996359 0.084170 0.013535 0.000000 -0.084709 0.995341 0.046050 12.657500 -0.009596 -0.047029 0.998847 -0.113600 0.000000 0.000000 0.000000 1.000000
0.996527 0.079349 0.025239 0.000000 -0.080536 0.995490 0.050133 12.657500 -0.021147 -0.051991 0.998424 -0.113600 0.000000 0.000000 0.000000 1.000000</float_array><technique_common><accessor source="#Spine1-Matrix-animation-output-transform-array" count="20" stride="16"><param type="float4x4"/></accessor></technique_common></source><source id="Spine1-Interpolations"><Name_array id="Spine1-Interpolations-array" count="20">
 LINEAR LINEAR LINEAR LINEAR LINEAR LINEAR LINEAR LINEAR LINEAR LINEAR LINEAR
LINEAR LINEAR LINEAR LINEAR LINEAR LINEAR LINEAR LINEAR LINEAR</Name_array><technique_common><accessor source="#Spine1-Interpolations-array" count="20"><param type="name"/></accessor></technique_common></source><sampler id="Spine1-Matrix-animation-transform"><input semantic="INPUT" source="#Spine1-Matrix-animation-input"/><input semantic="OUTPUT" source="#Spine1-Matrix-animation-output-transform"/><input semantic="INTERPOLATION" source="#Spine1-Interpolations"/></sampler><channel source="#Spine1-Matrix-animation-transform" target="Spine1/matrix"/></animation>
    <animation id="Spine2-anim" name="Spine2"><source id="Spine2-Matrix-animation-input"><float_array id="Spine2-Matrix-animation-input-array" count="20">

0.000000 0.033333 0.066667 0.100000 0.133333 0.166667 0.200000 0.233333 0.266667 0.300000 0.333333 0.366667 0.400000 0.433333 0.466667 0.500000
0.533333 0.566667 0.600000 0.633333</float_array><technique_common><accessor source="#Spine2-Matrix-animation-input-array" count="20"><param name="TIME" type="float"/></accessor></technique_common></source><source id="Spine2-Matrix-animation-output-transform"><float_array id="Spine2-Matrix-animation-output-transform-array" count="320">

0.998379 0.056607 -0.005867 0.000000 -0.056375 0.997826 0.034140 14.465700 0.007787 -0.033754 0.999400 -0.129800 0.000000 0.000000 0.000000 1.000000
0.999004 0.044436 0.004047 0.000000 -0.044579 0.997843 0.048179 14.465700 -0.001898 -0.048311 0.998831 -0.129800 0.000000 0.000000 0.000000 1.000000
0.999411 0.031527 0.013569 0.000000 -0.032202 0.998085 0.052809 14.465700 -0.011878 -0.053215 0.998512 -0.129800 0.000000 0.000000 0.000000 1.000000
0.999650 -0.000155 0.026471 0.000000 -0.000983 0.999075 0.042987 14.465700 -0.026453 -0.042998 0.998725 -0.129800 0.000000 0.000000 0.000000 1.000000
0.998731 -0.026430 0.042872 0.000000 0.025327 0.999339 0.026079 14.465700 -0.043533 -0.024960 0.998740 -0.129800 0.000000 0.000000 0.000000 1.000000
0.997815 -0.031067 0.058303 0.000000 0.030427 0.999467 0.011830 14.465700 -0.058640 -0.010031 0.998229 -0.129800 0.000000 0.000000 0.000000 1.000000
0.997612 -0.015710 0.067257 -0.000000 0.015351 0.999865 0.005845 14.465700 -0.067340 -0.004799 0.997719 -0.129800 0.000000 0.000000 0.000000 1.000000
0.997789 0.009938 0.065708 0.000000 -0.010477 0.999914 0.007868 14.465700 -0.065624 -0.008539 0.997808 -0.129800 0.000000 0.000000 0.000000 1.000000
0.997815 0.036936 0.054777 -0.000000 -0.037819 0.999169 0.015179 14.465700 -0.054171 -0.017218 0.998383 -0.129800 0.000000 0.000000 0.000000 1.000000
0.997557 0.057751 0.039310 0.000000 -0.058736 0.997976 0.024383 14.465700 -0.037822 -0.026633 0.998930 -0.129800 0.000000 0.000000 0.000000 1.000000
0.997368 0.067833 0.025625 0.000000 -0.068618 0.997157 0.031131 14.465700 -0.023440 -0.032807 0.999187 -0.129800 0.000000 0.000000 0.000000 1.000000
0.997635 0.066712 0.016558 -0.000000 -0.067212 0.997233 0.031765 14.465700 -0.014393 -0.032803 0.999358 -0.129800 0.000000 0.000000 0.000000 1.000000
0.998227 0.058339 0.011789 -0.000000 -0.058637 0.997919 0.026835 14.465700 -0.010199 -0.027479 0.999570 -0.129800 0.000000 0.000000 0.000000 1.000000
0.998767 0.048877 0.008648 0.000000 -0.049054 0.998562 0.021616 14.465700 -0.007579 -0.022014 0.999729 -0.129800 0.000000 0.000000 0.000000 1.000000
0.998986 0.044866 0.003792 -0.000000 -0.044936 0.998772 0.020857 14.465700 -0.002852 -0.021006 0.999775 -0.129800 0.000000 0.000000 0.000000 1.000000
0.998852 0.047730 -0.004092 0.000000 -0.047624 0.998604 0.022825 14.465700 0.005176 -0.022604 0.999731 -0.129800 0.000000 0.000000 0.000000 1.000000
0.998391 0.055267 -0.012653 0.000000 -0.054902 0.998111 0.027557 14.465700 0.014152 -0.026818 0.999540 -0.129800 0.000000 0.000000 0.000000 1.000000
0.998009 0.060536 -0.017727 -0.000000 -0.059818 0.997465 0.038547 14.465700 0.020016 -0.037409 0.999100 -0.129800 0.000000 0.000000 0.000000 1.000000
0.998008 0.061105 -0.015703 0.000000 -0.060595 0.997677 0.031136 14.465700 0.017569 -0.030122 0.999392 -0.129800 0.000000 0.000000 0.000000 1.000000
0.998379 0.056608 -0.005867 0.000000 -0.056376 0.997826 0.034140 14.465700 0.007787 -0.033754 0.999400 -0.129800 0.000000 0.000000 0.000000 1.000000</float_array><technique_common><accessor source="#Spine2-Matrix-animation-output-transform-array" count="20" stride="16"><param type="float4x4"/></accessor></technique_common></source><source id="Spine2-Interpolations"><Name_array id="Spine2-Interpolations-array" count="20">
 LINEAR LINEAR LINEAR LINEAR LINEAR LINEAR LINEAR LINEAR LINEAR LINEAR LINEAR
LINEAR LINEAR LINEAR LINEAR LINEAR LINEAR LINEAR LINEAR LINEAR</Name_array><technique_common><accessor source="#Spine2-Interpolations-array" count="20"><param type="name"/></accessor></technique_common></source><sampler id="Spine2-Matrix-animation-transform"><input semantic="INPUT" source="#Spine2-Matrix-animation-input"/><input semantic="OUTPUT" source="#Spine2-Matrix-animation-output-transform"/><input semantic="INTERPOLATION" source="#Spine2-Interpolations"/></sampler><channel source="#Spine2-Matrix-animation-transform" target="Spine2/matrix"/></animation>
    <animation id="Neck-anim" name="Neck"><source id="Neck-Matrix-animation-input"><float_array id="Neck-Matrix-animation-input-array" count="20">

0.000000 0.033333 0.066667 0.100000 0.133333 0.166667 0.200000 0.233333 0.266667 0.300000 0.333333 0.366667 0.400000 0.433333 0.466667 0.500000
0.533333 0.566667 0.600000 0.633333</float_array><technique_common><accessor source="#Neck-Matrix-animation-input-array" count="20"><param name="TIME" type="float"/></accessor></technique_common></source><source id="Neck-Matrix-animation-output-transform"><float_array id="Neck-Matrix-animation-output-transform-array" count="320">

0.995432 -0.069637 0.065313 -0.000000 0.046009 0.949315 0.310940 17.773800 -0.083656 -0.306514 0.948183 1.014400 0.000000 0.000000 0.000000 1.000000
0.999794 0.017489 0.010304 0.000000 -0.019387 0.973126 0.229455 17.773800 -0.006015 -0.229608 0.973265 1.014400 0.000000 0.000000 0.000000 1.000000
0.997083 0.073552 -0.020390 0.000000 -0.068989 0.982770 0.171475 17.773800 0.032651 -0.169568 0.984977 1.014400 0.000000 0.000000 0.000000 1.000000
0.999333 0.036305 0.003826 0.000000 -0.036480 0.997064 0.067326 17.773800 -0.001370 -0.067421 0.997724 1.014400 0.000000 0.000000 0.000000 1.000000
0.995815 -0.082250 0.039835 -0.000000 0.082561 0.996567 -0.006218 17.773800 -0.039187 0.009481 0.999187 1.014400 0.000000 0.000000 0.000000 1.000000
0.980855 -0.178054 0.078870 0.000000 0.176881 0.983994 0.021667 17.773800 -0.081466 -0.007302 0.996649 1.014400 0.000000 0.000000 0.000000 1.000000
0.963557 -0.254590 0.082102 -0.000000 0.249348 0.965956 0.068956 17.773800 -0.096862 -0.045971 0.994236 1.014400 0.000000 0.000000 0.000000 1.000000
0.946286 -0.314766 0.073929 0.000000 0.304111 0.944114 0.127139 17.773800 -0.109816 -0.097827 0.989126 1.014400 0.000000 0.000000 0.000000 1.000000
0.938379 -0.337924 0.072470 -0.000000 0.319411 0.928051 0.191566 17.773800 -0.131990 -0.156614 0.978801 1.014400 0.000000 0.000000 0.000000 1.000000
0.937571 -0.338530 0.079734 0.000000 0.308782 0.915732 0.257076 17.773800 -0.160043 -0.216406 0.963096 1.014400 0.000000 0.000000 0.000000 1.000000
0.946432 -0.310124 0.089947 0.000000 0.269009 0.911336 0.311609 17.773800 -0.178609 -0.270720 0.945944 1.014400 0.000000 0.000000 0.000000 1.000000
0.968013 -0.229092 0.102307 0.000000 0.178951 0.916229 0.358470 17.773800 -0.175859 -0.328696 0.927918 1.014400 0.000000 0.000000 0.000000 1.000000
0.985112 -0.128117 0.114635 0.000000 0.069601 0.906933 0.415485 17.773800 -0.157197 -0.401321 0.902347 1.014400 0.000000 0.000000 0.000000 1.000000
0.991123 -0.067403 0.114595 0.000000 0.011039 0.900698 0.434305 17.773800 -0.132489 -0.429184 0.893447 1.014400 0.000000 0.000000 0.000000 1.000000
0.991995 -0.090181 0.088396 0.000000 0.050892 0.926140 0.373730 17.773800 -0.115570 -0.366239 0.923316 1.014400 0.000000 0.000000 0.000000 1.000000
0.986898 -0.153496 0.049712 0.000000 0.134586 0.953107 0.271061 17.773800 -0.088988 -0.260819 0.961278 1.014400 0.000000 0.000000 0.000000 1.000000
0.981455 -0.189984 0.025543 -0.000000 0.180945 0.962156 0.203751 17.773800 -0.063286 -0.195351 0.978689 1.014400 0.000000 0.000000 0.000000 1.000000
0.985298 -0.168261 0.029605 0.000000 0.158162 0.963871 0.214329 17.773800 -0.064599 -0.206496 0.976313 1.014400 0.000000 0.000000 0.000000 1.000000
0.991726 -0.119176 0.047720 0.000000 0.102598 0.959227 0.263356 17.773800 -0.077160 -0.256281 0.963518 1.014400 0.000000 0.000000 0.000000 1.000000
0.995432 -0.069638 0.065313 0.000000 0.046010 0.949315 0.310941 17.773800 -0.083656 -0.306516 0.948182 1.014400 0.000000 0.000000 0.000000 1.000000</float_array><technique_common><accessor source="#Neck-Matrix-animation-output-transform-array" count="20" stride="16"><param type="float4x4"/></accessor></technique_common></source><source id="Neck-Interpolations"><Name_array id="Neck-Interpolations-array" count="20">
 LINEAR LINEAR LINEAR LINEAR LINEAR LINEAR LINEAR LINEAR LINEAR LINEAR LINEAR
LINEAR LINEAR LINEAR LINEAR LINEAR LINEAR LINEAR LINEAR LINEAR</Name_array><technique_common><accessor source="#Neck-Interpolations-array" count="20"><param type="name"/></accessor></technique_common></source><sampler id="Neck-Matrix-animation-transform"><input semantic="INPUT" source="#Neck-Matrix-animation-input"/><input semantic="OUTPUT" source="#Neck-Matrix-animation-output-transform"/><input semantic="INTERPOLATION" source="#Neck-Interpolations"/></sampler><channel source="#Neck-Matrix-animation-transform" target="Neck/matrix"/></animation>
    <animation id="Head-anim" name="Head"><source id="Head-Matrix-animation-input"><float_array id="Head-Matrix-animation-input-array" count="20">

0.000000 0.033333 0.066667 0.100000 0.133333 0.166667 0.200000 0.233333 0.266667 0.300000 0.333333 0.366667 0.400000 0.433333 0.466667 0.500000
0.533333 0.566667 0.600000 0.633333</float_array><technique_common><accessor source="#Head-Matrix-animation-input-array" count="20"><param name="TIME" type="float"/></accessor></technique_common></source><source id="Head-Matrix-animation-output-transform"><float_array id="Head-Matrix-animation-output-transform-array" count="320">

0.970295 0.063994 0.233307 -0.000000 -0.148248 0.919379 0.364368 10.855400 -0.191180 -0.388132 0.901556 4.482600 0.000000 0.000000 0.000000 1.000000
0.987353 -0.016001 0.157727 -0.000000 -0.017852 0.977344 0.210901 10.855400 -0.157528 -0.211049 0.964698 4.482600 0.000000 0.000000 0.000000 1.000000
0.992061 -0.077099 0.099354 0.000000 0.069388 0.994468 0.078860 10.855400 -0.104884 -0.071340 0.991922 4.482600 0.000000 0.000000 0.000000 1.000000
0.990852 -0.018825 0.133632 0.000000 0.006371 0.995644 0.093014 10.855400 -0.134801 -0.091312 0.986656 4.482600 0.000000 0.000000 0.000000 1.000000
0.968322 0.114992 0.221651 0.000000 -0.150458 0.977112 0.150378 10.855400 -0.199286 -0.178964 0.963461 4.482600 0.000000 0.000000 0.000000 1.000000
0.947334 0.196562 0.252829 0.000000 -0.246028 0.952090 0.181647 10.855400 -0.205011 -0.234283 0.950306 4.482600 0.000000 0.000000 0.000000 1.000000
0.939131 0.214223 0.268590 0.000000 -0.276270 0.935620 0.219750 10.855400 -0.204223 -0.280577 0.937854 4.482600 0.000000 0.000000 0.000000 1.000000
0.937932 0.206999 0.278271 0.000000 -0.282452 0.921509 0.266536 10.855400 -0.201257 -0.328591 0.922780 4.482600 0.000000 0.000000 0.000000 1.000000
0.942037 0.181054 0.282463 0.000000 -0.272885 0.903271 0.331113 10.855400 -0.195192 -0.389001 0.900321 4.482600 0.000000 0.000000 0.000000 1.000000
0.948460 0.147702 0.280370 0.000000 -0.256020 0.878541 0.403261 10.855400 -0.186754 -0.454258 0.871076 4.482600 0.000000 0.000000 0.000000 1.000000
0.957230 0.112270 0.266657 0.000000 -0.227434 0.861673 0.453643 10.855400 -0.178841 -0.494888 0.850354 4.482600 0.000000 0.000000 0.000000 1.000000
0.975327 0.060149 0.212412 -0.000000 -0.153773 0.875462 0.458170 10.855400 -0.158401 -0.479529 0.863112 4.482600 0.000000 0.000000 0.000000 1.000000
0.988722 -0.001791 0.149754 0.000000 -0.057911 0.917576 0.393319 10.855400 -0.138115 -0.397556 0.907124 4.482600 0.000000 0.000000 0.000000 1.000000
0.992278 -0.034690 0.119080 -0.000000 -0.005923 0.945742 0.324866 10.855400 -0.123889 -0.323062 0.938234 4.482600 0.000000 0.000000 0.000000 1.000000
0.989182 -0.009180 0.146408 0.000000 -0.034913 0.954629 0.295744 10.855400 -0.142480 -0.297656 0.943981 4.482600 0.000000 0.000000 0.000000 1.000000
0.978352 0.045662 0.201846 0.000000 -0.102422 0.954361 0.280542 10.855400 -0.179824 -0.295143 0.938378 4.482600 0.000000 0.000000 0.000000 1.000000
0.966558 0.084398 0.242163 0.000000 -0.152519 0.948323 0.278248 10.855400 -0.206165 -0.305877 0.929481 4.482600 0.000000 0.000000 0.000000 1.000000
0.964483 0.087157 0.249350 0.000000 -0.162330 0.940271 0.299232 10.855400 -0.208376 -0.329082 0.921024 4.482600 0.000000 0.000000 0.000000 1.000000
0.967412 0.074981 0.241852 0.000000 -0.155585 0.929592 0.334144 10.855400 -0.199769 -0.360883 0.910964 4.482600 0.000000 0.000000 0.000000 1.000000
0.970295 0.063995 0.233308 -0.000000 -0.148249 0.919380 0.364367 10.855400 -0.191181 -0.388131 0.901557 4.482600 0.000000 0.000000 0.000000 1.000000</float_array><technique_common><accessor source="#Head-Matrix-animation-output-transform-array" count="20" stride="16"><param type="float4x4"/></accessor></technique_common></source><source id="Head-Interpolations"><Name_array id="Head-Interpolations-array" count="20">
 LINEAR LINEAR LINEAR LINEAR LINEAR LINEAR LINEAR LINEAR LINEAR LINEAR LINEAR
LINEAR LINEAR LINEAR LINEAR LINEAR LINEAR LINEAR LINEAR LINEAR</Name_array><technique_common><accessor source="#Head-Interpolations-array" count="20"><param type="name"/></accessor></technique_common></source><sampler id="Head-Matrix-animation-transform"><input semantic="INPUT" source="#Head-Matrix-animation-input"/><input semantic="OUTPUT" source="#Head-Matrix-animation-output-transform"/><input semantic="INTERPOLATION" source="#Head-Interpolations"/></sampler><channel source="#Head-Matrix-animation-transform" target="Head/matrix"/></animation>
    <animation id="LeftShoulder-anim" name="LeftShoulder"><source id="LeftShoulder-Matrix-animation-input"><float_array id="LeftShoulder-Matrix-animation-input-array" count="20">

0.000000 0.033333 0.066667 0.100000 0.133333 0.166667 0.200000 0.233333 0.266667 0.300000 0.333333 0.366667 0.400000 0.433333 0.466667 0.500000
0.533333 0.566667 0.600000 0.633333</float_array><technique_common><accessor source="#LeftShoulder-Matrix-animation-input-array" count="20"><param name="TIME" type="float"/></accessor></technique_common></source><source id="LeftShoulder-Matrix-animation-output-transform"><float_array id="LeftShoulder-Matrix-animation-output-transform-array" count="320">

0.730210 -0.308900 -0.609405 13.858900 0.315433 0.943627 -0.100352 13.349500 0.606050 -0.118948 0.786483 -0.525900 0.000000 0.000000 0.000000 1.000000
0.706030 -0.280354 -0.650325 13.858900 0.270489 0.955436 -0.118228 13.349500 0.654490 -0.092434 0.750399 -0.525900 0.000000 0.000000 0.000000 1.000000
0.769838 -0.203385 -0.604966 13.858900 0.097573 0.974229 -0.203364 13.349500 0.630737 0.097529 0.769843 -0.525900 0.000000 0.000000 0.000000 1.000000
0.745796 -0.122441 -0.654826 13.858900 0.013371 0.985518 -0.169045 13.349500 0.666040 0.117317 0.736632 -0.525900 0.000000 0.000000 0.000000 1.000000
0.679218 -0.080262 -0.729535 13.858900 0.028221 0.996123 -0.083317 13.349500 0.733394 0.036002 0.678850 -0.525900 0.000000 0.000000 0.000000 1.000000
0.648160 -0.115398 -0.752709 13.858900 0.171714 0.985142 -0.003168 13.349500 0.741891 -0.127198 0.658345 -0.525900 0.000000 0.000000 0.000000 1.000000
0.625753 -0.285655 -0.725833 13.858900 0.366718 0.929016 -0.049465 13.349500 0.688441 -0.235223 0.686090 -0.525900 0.000000 0.000000 0.000000 1.000000
0.625035 -0.502861 -0.597045 13.858900 0.555726 0.823780 -0.112050 13.349500 0.548179 -0.261759 0.794344 -0.525900 0.000000 0.000000 0.000000 1.000000
0.627899 -0.650170 -0.427811 13.858900 0.706721 0.706549 -0.036529 13.349500 0.326019 -0.279407 0.903130 -0.525900 0.000000 0.000000 0.000000 1.000000
0.602067 -0.748510 -0.277935 13.858900 0.777404 0.628926 -0.009746 13.349500 0.182096 -0.210200 0.960550 -0.525900 0.000000 0.000000 0.000000 1.000000
0.581228 -0.776298 -0.243998 13.858900 0.803170 0.595455 0.018746 13.349500 0.130737 -0.206868 0.969594 -0.525900 0.000000 0.000000 0.000000 1.000000
0.619133 -0.734442 -0.277975 13.858900 0.762656 0.646727 -0.010064 13.349500 0.187165 -0.205768 0.960536 -0.525900 0.000000 0.000000 0.000000 1.000000
0.691604 -0.608196 -0.389593 13.858900 0.639015 0.766655 -0.062451 13.349500 0.336666 -0.205764 0.918867 -0.525900 0.000000 0.000000 0.000000 1.000000
0.724520 -0.406855 -0.556362 13.858900 0.452016 0.889846 -0.062089 13.349500 0.520338 -0.206500 0.828617 -0.525900 0.000000 0.000000 0.000000 1.000000
0.725784 -0.220110 -0.651758 13.858900 0.284158 0.958749 -0.007355 13.349500 0.626492 -0.179864 0.758391 -0.525900 0.000000 0.000000 0.000000 1.000000
0.728593 -0.165212 -0.664723 13.858900 0.226075 0.974093 0.005693 13.349500 0.646562 -0.154425 0.747068 -0.525900 0.000000 0.000000 0.000000 1.000000
0.714182 -0.264808 -0.647936 13.858900 0.338268 0.940977 -0.011719 13.349500 0.612796 -0.210807 0.761605 -0.525900 0.000000 0.000000 0.000000 1.000000
0.673723 -0.341857 -0.655158 13.858900 0.435483 0.899934 -0.021756 13.349500 0.597036 -0.270653 0.755179 -0.525900 0.000000 0.000000 0.000000 1.000000
0.677421 -0.354800 -0.644373 13.858900 0.409182 0.909708 -0.070729 13.349500 0.611286 -0.215752 0.761433 -0.525900 0.000000 0.000000 0.000000 1.000000
0.730210 -0.308901 -0.609404 13.858900 0.315433 0.943627 -0.100351 13.349500 0.606049 -0.118949 0.786483 -0.525900 0.000000 0.000000 0.000000 1.000000</float_array><technique_common><accessor source="#LeftShoulder-Matrix-animation-output-transform-array" count="20" stride="16"><param type="float4x4"/></accessor></technique_common></source><source id="LeftShoulder-Interpolations"><Name_array id="LeftShoulder-Interpolations-array" count="20">
 LINEAR LINEAR LINEAR LINEAR LINEAR LINEAR LINEAR LINEAR LINEAR LINEAR LINEAR
LINEAR LINEAR LINEAR LINEAR LINEAR LINEAR LINEAR LINEAR LINEAR</Name_array><technique_common><accessor source="#LeftShoulder-Interpolations-array" count="20"><param type="name"/></accessor></technique_common></source><sampler id="LeftShoulder-Matrix-animation-transform"><input semantic="INPUT" source="#LeftShoulder-Matrix-animation-input"/><input semantic="OUTPUT" source="#LeftShoulder-Matrix-animation-output-transform"/><input semantic="INTERPOLATION" source="#LeftShoulder-Interpolations"/></sampler><channel source="#LeftShoulder-Matrix-animation-transform" target="LeftShoulder/matrix"/></animation>
    <animation id="LeftArm-anim" name="LeftArm"><source id="LeftArm-Matrix-animation-input"><float_array id="LeftArm-Matrix-animation-input-array" count="20">

0.000000 0.033333 0.066667 0.100000 0.133333 0.166667 0.200000 0.233333 0.266667 0.300000 0.333333 0.366667 0.400000 0.433333 0.466667 0.500000
0.533333 0.566667 0.600000 0.633333</float_array><technique_common><accessor source="#LeftArm-Matrix-animation-input-array" count="20"><param name="TIME" type="float"/></accessor></technique_common></source><source id="LeftArm-Matrix-animation-output-transform"><float_array id="LeftArm-Matrix-animation-output-transform-array" count="320">

0.366391 0.910250 -0.192881 12.260500 -0.776763 0.413347 0.475167 -6.579000 0.512247 -0.024274 0.858495 -0.759000 0.000000 0.000000 0.000000 1.000000
0.494733 0.861619 -0.113369 12.260500 -0.771325 0.495450 0.399485 -6.579000 0.400372 -0.110194 0.909703 -0.759000 0.000000 0.000000 0.000000 1.000000
0.738810 0.652178 -0.169777 12.260500 -0.512945 0.707598 0.485997 -6.579000 0.437090 -0.271973 0.857311 -0.759000 0.000000 0.000000 0.000000 1.000000
0.884347 0.443710 -0.145092 12.260500 -0.325957 0.809396 0.488497 -6.579000 0.334188 -0.384707 0.860418 -0.759000 0.000000 0.000000 0.000000 1.000000
0.954323 0.295294 -0.045487 12.260500 -0.243552 0.857044 0.454046 -6.579000 0.173062 -0.422228 0.889816 -0.759000 0.000000 0.000000 0.000000 1.000000
0.955403 0.295091 0.011203 12.260500 -0.271534 0.862954 0.426121 -6.579000 0.116077 -0.410160 0.904597 -0.759000 0.000000 0.000000 0.000000 1.000000
0.927958 0.370443 -0.040826 12.260500 -0.315546 0.839245 0.442830 -6.579000 0.198306 -0.398045 0.895676 -0.759000 0.000000 0.000000 0.000000 1.000000
0.865731 0.454823 -0.208916 12.260500 -0.293738 0.799665 0.523693 -6.579000 0.405250 -0.392010 0.825894 -0.759000 0.000000 0.000000 0.000000 1.000000
0.758987 0.532359 -0.374877 12.260500 -0.236020 0.761545 0.603609 -6.579000 0.606822 -0.369653 0.703650 -0.759000 0.000000 0.000000 0.000000 1.000000
0.718229 0.510352 -0.472956 12.260500 -0.122174 0.761662 0.636353 -6.579000 0.684996 -0.399265 0.609399 -0.759000 0.000000 0.000000 0.000000 1.000000
0.734724 0.488513 -0.470676 12.260500 -0.105328 0.767574 0.632247 -6.579000 0.670140 -0.414951 0.615409 -0.759000 0.000000 0.000000 0.000000 1.000000
0.776652 0.444641 -0.446214 12.260500 -0.091044 0.780149 0.618934 -6.579000 0.623316 -0.440071 0.646386 -0.759000 0.000000 0.000000 0.000000 1.000000
0.824054 0.401174 -0.399992 12.260500 -0.095012 0.793932 0.600536 -6.579000 0.558487 -0.456870 0.692360 -0.759000 0.000000 0.000000 0.000000 1.000000
0.857860 0.404932 -0.316396 12.260500 -0.167952 0.802814 0.572086 -6.579000 0.485663 -0.437630 0.756711 -0.759000 0.000000 0.000000 0.000000 1.000000
0.834103 0.507687 -0.215699 12.260500 -0.338732 0.780044 0.526110 -6.579000 0.435354 -0.365766 0.822607 -0.759000 0.000000 0.000000 0.000000 1.000000
0.730036 0.674327 -0.111042 12.260500 -0.571373 0.691389 0.442169 -6.579000 0.374940 -0.259353 0.890031 -0.759000 0.000000 0.000000 0.000000 1.000000
0.512168 0.858056 -0.037739 12.260500 -0.807601 0.496077 0.318886 -6.579000 0.292344 -0.132845 0.947041 -0.759000 0.000000 0.000000 0.000000 1.000000
0.325942 0.945261 -0.015570 12.260500 -0.920114 0.320968 0.224434 -6.579000 0.217147 -0.058826 0.974365 -0.759000 0.000000 0.000000 0.000000 1.000000
0.314955 0.944319 -0.095206 12.260500 -0.882922 0.328317 0.335642 -6.579000 0.348211 -0.021653 0.937166 -0.759000 0.000000 0.000000 0.000000 1.000000
0.366390 0.910250 -0.192881 12.260500 -0.776763 0.413347 0.475166 -6.579000 0.512247 -0.024273 0.858495 -0.759000 0.000000 0.000000 0.000000 1.000000</float_array><technique_common><accessor source="#LeftArm-Matrix-animation-output-transform-array" count="20" stride="16"><param type="float4x4"/></accessor></technique_common></source><source id="LeftArm-Interpolations"><Name_array id="LeftArm-Interpolations-array" count="20">
 LINEAR LINEAR LINEAR LINEAR LINEAR LINEAR LINEAR LINEAR LINEAR LINEAR LINEAR
LINEAR LINEAR LINEAR LINEAR LINEAR LINEAR LINEAR LINEAR LINEAR</Name_array><technique_common><accessor source="#LeftArm-Interpolations-array" count="20"><param type="name"/></accessor></technique_common></source><sampler id="LeftArm-Matrix-animation-transform"><input semantic="INPUT" source="#LeftArm-Matrix-animation-input"/><input semantic="OUTPUT" source="#LeftArm-Matrix-animation-output-transform"/><input semantic="INTERPOLATION" source="#LeftArm-Interpolations"/></sampler><channel source="#LeftArm-Matrix-animation-transform" target="LeftArm/matrix"/></animation>
    <animation id="LeftForeArm-anim" name="LeftForeArm"><source id="LeftForeArm-Matrix-animation-input"><float_array id="LeftForeArm-Matrix-animation-input-array" count="20">

0.000000 0.033333 0.066667 0.100000 0.133333 0.166667 0.200000 0.233333 0.266667 0.300000 0.333333 0.366667 0.400000 0.433333 0.466667 0.500000
0.533333 0.566667 0.600000 0.633333</float_array><technique_common><accessor source="#LeftForeArm-Matrix-animation-input-array" count="20"><param name="TIME" type="float"/></accessor></technique_common></source><source id="LeftForeArm-Matrix-animation-output-transform"><float_array id="LeftForeArm-Matrix-animation-output-transform-array" count="320">

0.430692 0.003155 -0.902493 25.166800 0.109001 0.992492 0.055488 -1.483200 0.895892 -0.122271 0.427115 0.674800 0.000000 0.000000 0.000000 1.000000
0.315436 0.120236 -0.941299 25.166800 -0.230825 0.971870 0.046790 -1.483200 0.920446 0.202516 0.334316 0.674800 0.000000 0.000000 0.000000 1.000000
0.209957 0.175824 -0.961771 25.166800 -0.529535 0.847377 0.039312 -1.483200 0.821895 0.501037 0.271018 0.674800 0.000000 0.000000 0.000000 1.000000
0.067164 0.107372 -0.991948 25.166800 -0.634842 0.771578 0.040534 -1.483200 0.769717 0.627008 0.119986 0.674800 0.000000 0.000000 0.000000 1.000000
-0.022703 0.038268 -0.999010 25.166800 -0.599361 0.799255 0.044237 -1.483200 0.800157 0.599772 0.004791 0.674800 0.000000 0.000000 0.000000 1.000000
-0.024660 0.040622 -0.998870 25.166800 -0.507121 0.860564 0.047517 -1.483200 0.861522 0.507720 -0.000621 0.674800 0.000000 0.000000 0.000000 1.000000
0.028895 0.065927 -0.997406 25.166800 -0.316877 0.946961 0.053413 -1.483200 0.948026 0.314512 0.048253 0.674800 0.000000 0.000000 0.000000 1.000000
0.113659 0.072074 -0.990902 25.166800 -0.105505 0.992601 0.060096 -1.483200 0.987902 0.097714 0.120423 0.674800 0.000000 0.000000 0.000000 1.000000
0.198727 0.058711 -0.978295 25.166800 0.018664 0.997796 0.063672 -1.483200 0.979877 -0.030912 0.197194 0.674800 0.000000 0.000000 0.000000 1.000000
0.253497 0.027876 -0.966934 25.166800 0.150812 0.986223 0.067970 -1.483200 0.955508 -0.163055 0.245801 0.674800 0.000000 0.000000 0.000000 1.000000
0.273211 0.005171 -0.961940 25.166800 0.231381 0.970274 0.070933 -1.483200 0.933712 -0.241955 0.263893 0.674800 0.000000 0.000000 0.000000 1.000000
0.272219 -0.004244 -0.962226 25.166800 0.271780 0.959613 0.072656 -1.483200 0.923056 -0.281292 0.262378 0.674800 0.000000 0.000000 0.000000 1.000000
0.196254 0.017917 -0.980389 25.166800 0.273742 0.959080 0.072326 -1.483200 0.941568 -0.282568 0.183319 0.674800 0.000000 0.000000 0.000000 1.000000
0.066242 0.055886 -0.996237 25.166800 0.171805 0.982880 0.066560 -1.483200 0.982901 -0.175568 0.055507 0.674800 0.000000 0.000000 0.000000 1.000000
-0.062764 0.058261 -0.996326 25.166800 0.006389 0.998298 0.057974 -1.483200 0.998008 -0.002727 -0.063029 0.674800 0.000000 0.000000 0.000000 1.000000
-0.148213 0.033976 -0.988372 25.166800 -0.116868 0.991805 0.051619 -1.483200 0.982026 0.123159 -0.143028 0.674800 0.000000 0.000000 0.000000 1.000000
