<?xml version="1.0" encoding="utf-8"?>
<COLLADA xmlns="http://www.collada.org/2005/11/COLLADASchema" version="1.4.1">
  <asset><contributor><author>Mixamo</author><authoring_tool>COLLADA Mixamo exporter</authoring_tool><comments></comments></contributor><created>2018-05-13T14:37:03Z</created><modified>2018-05-13T14:37:03Z</modified><revision></revision><title></title><unit meter="0.010000"/><up_axis>Y_UP</up_axis></asset>
  <library_animations>
    <animation id="Hips-anim" name="Hips"><source id="Hips-Matrix-animation-input"><float_array id="Hips-Matrix-animation-input-array" count="45">

0.000000 0.033333 0.066667 0.100000 0.133333 0.166667 0.200000 0.233333 0.266667 0.300000 0.333333 0.366667 0.400000 0.433333 0.466667 0.500000
0.533333 0.566667 0.600000 0.633333 0.666667 0.700000 0.733333 0.766667 0.800000 0.833333 0.866667 0.900000 0.933333 0.966667 1.000000 1.033333
1.066667 1.100000 1.133333 1.166667 1.200000 1.233333 1.266667 1.300000 1.333333 1.366667 1.400000 1.433333 1.466667</float_array><technique_common><accessor source="#Hips-Matrix-animation-input-array" count="45"><param name="TIME" type="float"/></accessor></technique_common></source><source id="Hips-Matrix-animation-output-transform"><float_array id="Hips-Matrix-animation-output-transform-array" count="720">

0.467026 -0.083492 -0.880293 1.084632 0.029509 0.996449 -0.078854 109.698067 0.883751 0.010850 0.467832 -0.562713 0.000000 0.000000 0.000000 1.000000
0.459428 -0.100034 -0.882564 1.187514 0.026333 0.994735 -0.099040 108.598564 0.887825 0.022261 0.459643 -0.584249 0.000000 0.000000 0.000000 1.000000
0.447212 -0.119660 -0.886388 1.439879 0.023002 0.992221 -0.122341 106.760384 0.894132 0.034323 0.446486 -0.698138 0.000000 0.000000 0.000000 1.000000
0.432161 -0.139156 -0.890995 1.676757 0.017541 0.989133 -0.145975 104.042068 0.901626 0.047455 0.429906 -0.831032 0.000000 0.000000 0.000000 1.000000
0.416242 -0.160805 -0.894922 2.039308 0.011630 0.985098 -0.171599 100.635788 0.909180 0.061019 0.411909 -1.029417 0.000000 0.000000 0.000000 1.000000
0.408826 -0.171515 -0.896350 2.584257 0.006774 0.982724 -0.184953 96.764336 0.912587 0.069542 0.402925 -1.146051 0.000000 0.000000 0.000000 1.000000
0.409530 -0.180056 -0.894352 2.882110 -0.002704 0.980086 -0.198555 92.967323 0.912293 0.083732 0.400887 -1.174998 0.000000 0.000000 0.000000 1.000000
0.419982 -0.166296 -0.892166 2.399280 0.015212 0.984220 -0.176294 91.579292 0.907405 0.060469 0.415885 -0.823778 0.000000 0.000000 0.000000 1.000000
0.417165 -0.140747 -0.897866 1.424991 0.033207 0.989636 -0.139704 93.293793 0.908224 0.028464 0.417515 -0.116752 0.000000 0.000000 0.000000 1.000000
0.399672 -0.090266 -0.912203 -0.168402 0.040530 0.995907 -0.080791 98.422226 0.915762 -0.004682 0.401695 1.286141 0.000000 0.000000 0.000000 1.000000
0.386357 -0.032183 -0.921788 -2.585335 0.045071 0.998856 -0.015983 107.320663 0.921248 -0.035371 0.387365 3.112062 0.000000 0.000000 0.000000 1.000000
0.372996 0.004987 -0.927820 -5.598781 0.045611 0.998678 0.023704 118.415878 0.926711 -0.051160 0.372275 4.475139 0.000000 0.000000 0.000000 1.000000
0.348175 -0.025810 -0.937074 -6.768665 0.044358 0.998955 -0.011033 128.415283 0.936379 -0.037726 0.348956 4.439491 0.000000 0.000000 0.000000 1.000000
0.366955 -0.065083 -0.927959 -5.530755 0.048182 0.997540 -0.050910 136.525604 0.928990 -0.026030 0.369188 3.471897 0.000000 0.000000 0.000000 1.000000
0.400462 -0.035509 -0.915625 -2.713366 0.034854 0.999116 -0.023503 142.666809 0.915650 -0.022501 0.401346 1.993294 0.000000 0.000000 0.000000 1.000000
0.413225 -0.024536 -0.910298 0.382186 0.028230 0.999502 -0.014125 147.120300 0.910191 -0.019860 0.413712 0.504502 0.000000 0.000000 0.000000 1.000000
0.432793 -0.061373 -0.899402 4.559897 0.039063 0.998020 -0.049306 149.473480 0.900647 -0.013794 0.434333 -1.676396 0.000000 0.000000 0.000000 1.000000
0.442106 -0.125457 -0.888146 7.360415 0.056917 0.992098 -0.111809 149.628601 0.895155 -0.001120 0.445753 -3.745824 0.000000 0.000000 0.000000 1.000000
0.456014 -0.189647 -0.869532 9.662576 0.078510 0.981795 -0.172958 148.313293 0.886503 0.010604 0.462602 -5.164883 0.000000 0.000000 0.000000 1.000000
0.467530 -0.222239 -0.855585 10.679192 0.079331 0.974524 -0.209783 145.502213 0.880410 0.030206 0.473250 -5.348023 0.000000 0.000000 0.000000 1.000000
0.474904 -0.237954 -0.847257 10.795085 0.073112 0.970090 -0.231472 140.944244 0.876995 0.047982 0.478097 -4.753246 0.000000 0.000000 0.000000 1.000000
0.470776 -0.264929 -0.841536 9.281494 0.070850 0.962121 -0.263256 134.952850 0.879403 0.064312 0.471714 -3.343278 0.000000 0.000000 0.000000 1.000000
0.477510 -0.258002 -0.839893 5.708774 0.069774 0.964032 -0.256466 127.854790 0.875852 0.063862 0.478336 -0.912116 0.000000 0.000000 0.000000 1.000000
0.498624 -0.182662 -0.847354 2.513170 0.076494 0.983004 -0.166891 119.588394 0.863437 0.018398 0.504122 1.425261 0.000000 0.000000 0.000000 1.000000
0.516674 -0.084465 -0.852006 0.891778 0.066662 0.996070 -0.058322 110.189240 0.853583 -0.026663 0.520274 2.894179 0.000000 0.000000 0.000000 1.000000
0.523954 -0.089529 -0.847028 2.624195 0.076229 0.995399 -0.058058 101.476044 0.848329 -0.034148 0.528368 2.468344 0.000000 0.000000 0.000000 1.000000
0.523023 -0.165173 -0.836161 5.719861 0.092763 0.986246 -0.136796 91.919876 0.847256 -0.006018 0.531151 0.692720 0.000000 0.000000 0.000000 1.000000
0.513993 -0.230217 -0.826324 8.212185 0.097920 0.972762 -0.210107 85.085213 0.852187 0.027080 0.522536 -1.060178 0.000000 0.000000 0.000000 1.000000
0.511631 -0.277993 -0.812991 9.513091 0.102481 0.959202 -0.263495 81.674484 0.853072 0.051496 0.519246 -2.002711 0.000000 0.000000 0.000000 1.000000
0.517274 -0.340034 -0.785369 10.262661 0.107638 0.936242 -0.334461 79.803429 0.849024 0.088472 0.520894 -2.784787 0.000000 0.000000 0.000000 1.000000
0.526309 -0.347418 -0.776080 10.876417 0.108087 0.932651 -0.344208 79.442436 0.843396 0.097276 0.528414 -3.456187 0.000000 0.000000 0.000000 1.000000
0.528299 -0.337735 -0.778996 10.976461 0.103009 0.936200 -0.336032 80.265625 0.842786 0.097282 0.529384 -3.500383 0.000000 0.000000 0.000000 1.000000
0.518440 -0.337335 -0.785764 10.456645 0.093157 0.935711 -0.340245 81.966301 0.850025 0.103197 0.516535 -3.208811 0.000000 0.000000 0.000000 1.000000
0.507753 -0.329994 -0.795796 9.587496 0.084349 0.938334 -0.335282 84.589821 0.857364 0.103115 0.504277 -2.736874 0.000000 0.000000 0.000000 1.000000
0.501213 -0.298039 -0.812378 8.601337 0.072876 0.950017 -0.303573 87.939255 0.862250 0.092952 0.497881 -2.213607 0.000000 0.000000 0.000000 1.000000
0.493710 -0.261182 -0.829478 7.523676 0.054069 0.961207 -0.270478 91.578423 0.867944 0.088688 0.488679 -1.705929 0.000000 0.000000 0.000000 1.000000
0.487277 -0.228852 -0.842726 6.369870 0.040731 0.969955 -0.239851 95.358963 0.872297 0.082549 0.481958 -1.324136 0.000000 0.000000 0.000000 1.000000
0.480882 -0.198024 -0.854130 5.191580 0.029622 0.977275 -0.209897 98.989433 0.876285 0.075635 0.475820 -1.022792 0.000000 0.000000 0.000000 1.000000
0.474983 -0.168106 -0.863789 4.122385 0.022102 0.983553 -0.179260 102.182205 0.879718 0.066054 0.470886 -0.721358 0.000000 0.000000 0.000000 1.000000
0.468359 -0.138102 -0.872678 3.126209 0.014837 0.988799 -0.148515 104.883194 0.883414 0.056610 0.465162 -0.449597 0.000000 0.000000 0.000000 1.000000
0.461272 -0.116006 -0.879643 2.314292 0.010206 0.992044 -0.125477 106.926407 0.887200 0.048901 0.458786 -0.290885 0.000000 0.000000 0.000000 1.000000
0.457863 -0.102742 -0.883066 1.827291 0.012508 0.993946 -0.109157 108.271667 0.888935 0.038934 0.456376 -0.240377 0.000000 0.000000 0.000000 1.000000
0.462902 -0.088129 -0.882018 1.528451 0.017328 0.995755 -0.090399 109.110649 0.886240 0.026562 0.462464 -0.355104 0.000000 0.000000 0.000000 1.000000
0.467622 -0.083297 -0.879995 1.294976 0.024274 0.996385 -0.081415 109.506653 0.883595 0.016711 0.467954 -0.502112 0.000000 0.000000 0.000000 1.000000
0.467026 -0.083492 -0.880293 1.084626 0.029509 0.996449 -0.078854 109.698036 0.883751 0.010850 0.467832 -0.562727 0.000000 0.000000 0.000000 1.000000</float_array><technique_common><accessor source="#Hips-Matrix-animation-output-transform-array" count="45" stride="16"><param type="float4x4"/></accessor></technique_common></source><source id="Hips-Interpolations"><Name_array id="Hips-Interpolations-array" count="45">
 LINEAR LINEAR LINEAR LINEAR LINEAR LINEAR LINEAR LINEAR LINEAR LINEAR LINEAR
LINEAR LINEAR LINEAR LINEAR LINEAR LINEAR LINEAR LINEAR LINEAR LINEAR LINEAR LINEAR
LINEAR LINEAR LINEAR LINEAR LINEAR LINEAR LINEAR LINEAR LINEAR LINEAR LINEAR LINEAR
LINEAR LINEAR LINEAR LINEAR LINEAR LINEAR LINEAR LINEAR LINEAR LINEAR</Name_array><technique_common><accessor source="#Hips-Interpolations-array" count="45"><param type="name"/></accessor></technique_common></source><sampler id="Hips-Matrix-animation-transform"><input semantic="INPUT" source="#Hips-Matrix-animation-input"/><input semantic="OUTPUT" source="#Hips-Matrix-animation-output-transform"/><input semantic="INTERPOLATION" source="#Hips-Interpolations"/></sampler><channel source="#Hips-Matrix-animation-transform" target="Hips/matrix"/></animation>
    <animation id="Spine-anim" name="Spine"><source id="Spine-Matrix-animation-input"><float_array id="Spine-Matrix-animation-input-array" count="45">

0.000000 0.033333 0.066667 0.100000 0.133333 0.166667 0.200000 0.233333 0.266667 0.300000 0.333333 0.366667 0.400000 0.433333 0.466667 0.500000
0.533333 0.566667 0.600000 0.633333 0.666667 0.700000 0.733333 0.766667 0.800000 0.833333 0.866667 0.900000 0.933333 0.966667 1.000000 1.033333
1.066667 1.100000 1.133333 1.166667 1.200000 1.233333 1.266667 1.300000 1.333333 1.366667 1.400000 1.433333 1.466667</float_array><technique_common><accessor source="#Spine-Matrix-animation-input-array" count="45"><param name="TIME" type="float"/></accessor></technique_common></source><source id="Spine-Matrix-animation-output-transform"><float_array id="Spine-Matrix-animation-output-transform-array" count="720">

0.997212 0.074492 -0.004495 0.000200 -0.073098 0.962867 -0.259893 10.849300 -0.015031 0.259497 0.965627 -0.097300 0.000000 0.000000 0.000000 1.000000
0.997472 0.071063 -0.000667 0.000200 -0.068617 0.960618 -0.269267 10.849300 -0.018494 0.268632 0.963065 -0.097300 0.000000 0.000000 0.000000 1.000000
0.997767 0.066708 0.003219 0.000200 -0.063094 0.957334 -0.282013 10.849300 -0.021894 0.281180 0.959405 -0.097300 0.000000 0.000000 0.000000 1.000000
0.997944 0.063601 0.007971 0.000200 -0.058386 0.953271 -0.296421 10.849300 -0.026451 0.295346 0.955024 -0.097300 0.000000 0.000000 0.000000 1.000000
0.998237 0.057876 0.013149 0.000200 -0.050969 0.949469 -0.309694 10.849300 -0.030408 0.308478 0.950745 -0.097300 0.000000 0.000000 0.000000 1.000000
0.998916 0.043000 0.017803 0.000200 -0.034654 0.942577 -0.332188 10.849300 -0.031065 0.331211 0.943045 -0.097300 0.000000 0.000000 0.000000 1.000000
0.999344 0.027490 0.023574 0.000200 -0.018111 0.943108 -0.331994 10.849300 -0.031359 0.331349 0.942987 -0.097300 0.000000 0.000000 0.000000 1.000000
0.999245 0.033545 0.019588 0.000200 -0.024719 0.938089 -0.345512 10.849300 -0.029965 0.344768 0.938210 -0.097300 0.000000 0.000000 0.000000 1.000000
0.999169 0.034799 0.021244 0.000200 -0.025411 0.939007 -0.342959 10.849300 -0.031883 0.342134 0.939110 -0.097300 0.000000 0.000000 0.000000 1.000000
0.999386 0.020311 0.028560 0.000200 -0.009898 0.945330 -0.325965 10.849300 -0.033619 0.325482 0.944950 -0.097300 0.000000 0.000000 0.000000 1.000000
0.999480 0.001099 0.032226 0.000200 0.008083 0.958972 -0.283385 10.849300 -0.031215 0.283498 0.958465 -0.097300 0.000000 0.000000 0.000000 1.000000
0.999371 0.002554 0.035363 0.000200 0.004585 0.979717 -0.200334 10.849300 -0.035158 0.200370 0.979089 -0.097300 0.000000 0.000000 0.000000 1.000000
0.998550 0.035557 0.040413 0.000200 -0.030878 0.993338 -0.111025 10.849300 -0.044091 0.109616 0.992996 -0.097300 0.000000 0.000000 0.000000 1.000000
0.995362 0.090787 0.031829 0.000200 -0.086952 0.990538 -0.106179 10.849300 -0.041167 0.102919 0.993838 -0.097300 0.000000 0.000000 0.000000 1.000000
0.996501 0.081270 0.019521 0.000200 -0.075772 0.976983 -0.199407 10.849300 -0.035277 0.197231 0.979722 -0.097300 0.000000 0.000000 0.000000 1.000000
0.995488 0.094619 0.007087 0.000200 -0.087201 0.941762 -0.324776 10.849300 -0.037404 0.322693 0.945764 -0.097300 0.000000 0.000000 0.000000 1.000000
0.990580 0.136086 -0.015201 0.000200 -0.126413 0.866166 -0.483504 10.849300 -0.052632 0.480871 0.875210 -0.097300 0.000000 0.000000 0.000000 1.000000
0.984328 0.172918 -0.034617 0.000200 -0.161089 0.801781 -0.575497 10.849300 -0.071759 0.572054 0.817071 -0.097300 0.000000 0.000000 0.000000 1.000000
0.981323 0.186583 -0.046817 0.000200 -0.171764 0.740296 -0.649968 10.849300 -0.086614 0.645870 0.758518 -0.097300 0.000000 0.000000 0.000000 1.000000
0.985433 0.165788 -0.037885 0.000200 -0.148733 0.732172 -0.664682 10.849300 -0.082458 0.660635 0.746165 -0.097300 0.000000 0.000000 0.000000 1.000000
0.990436 0.135825 -0.024261 0.000200 -0.120401 0.764945 -0.632743 10.849300 -0.067384 0.629612 0.773982 -0.097300 0.000000 0.000000 0.000000 1.000000
0.993523 0.113247 -0.009379 0.000200 -0.102001 0.852389 -0.512864 10.849300 -0.050086 0.510498 0.858419 -0.097300 0.000000 0.000000 0.000000 1.000000
0.996914 0.078322 0.005359 0.000200 -0.072445 0.944118 -0.321548 10.849300 -0.030243 0.320167 0.946878 -0.097300 0.000000 0.000000 0.000000 1.000000
0.997920 0.063781 0.009353 0.000200 -0.059378 0.965960 -0.251783 10.849300 -0.025093 0.250704 0.967738 -0.097300 0.000000 0.000000 0.000000 1.000000
0.998658 0.050633 0.010847 0.000200 -0.045279 0.955502 -0.291489 10.849300 -0.025123 0.290607 0.956513 -0.097300 0.000000 0.000000 0.000000 1.000000
0.998708 0.048954 0.013629 0.000200 -0.040908 0.933639 -0.355871 10.849300 -0.030146 0.354854 0.934436 -0.097300 0.000000 0.000000 0.000000 1.000000
0.997772 0.065524 0.012543 0.000200 -0.055004 0.914363 -0.401142 10.849300 -0.037753 0.399559 0.915930 -0.097300 0.000000 0.000000 0.000000 1.000000
0.996328 0.085077 0.009565 0.000200 -0.072202 0.895029 -0.440124 10.849300 -0.046006 0.437818 0.897886 -0.097300 0.000000 0.000000 0.000000 1.000000
0.995075 0.099103 0.002164 0.000200 -0.086806 0.881735 -0.463690 10.849300 -0.047861 0.461219 0.885995 -0.097300 0.000000 0.000000 0.000000 1.000000
0.993940 0.109883 -0.003134 0.000200 -0.099664 0.888748 -0.447431 10.849300 -0.046380 0.445032 0.894313 -0.097300 0.000000 0.000000 0.000000 1.000000
0.992766 0.119300 -0.013532 0.000200 -0.111303 0.872183 -0.476349 10.849300 -0.045026 0.474410 0.879152 -0.097300 0.000000 0.000000 0.000000 1.000000
0.992248 0.122716 -0.019589 0.000200 -0.116612 0.864985 -0.488060 10.849300 -0.042949 0.486561 0.872590 -0.097300 0.000000 0.000000 0.000000 1.000000
0.991688 0.127394 -0.018045 0.000200 -0.121690 0.883103 -0.453123 10.849300 -0.041790 0.451553 0.891265 -0.097300 0.000000 0.000000 0.000000 1.000000
0.991617 0.128240 -0.015827 0.000200 -0.123501 0.904630 -0.407911 10.849300 -0.037993 0.406446 0.912885 -0.097300 0.000000 0.000000 0.000000 1.000000
0.992269 0.123037 -0.016222 0.000200 -0.119731 0.914718 -0.385947 10.849300 -0.032647 0.384905 0.922378 -0.097300 0.000000 0.000000 0.000000 1.000000
0.993806 0.110478 -0.011987 0.000200 -0.107198 0.924655 -0.365406 10.849300 -0.029285 0.364427 0.930771 -0.097300 0.000000 0.000000 0.000000 1.000000
0.994363 0.105621 -0.009327 0.000200 -0.102412 0.933913 -0.342518 10.849300 -0.027466 0.341542 0.939465 -0.097300 0.000000 0.000000 0.000000 1.000000
0.994770 0.101992 -0.005539 0.000200 -0.098465 0.943125 -0.317522 10.849300 -0.027161 0.316407 0.948235 -0.097300 0.000000 0.000000 0.000000 1.000000
0.995690 0.092651 -0.004224 0.000200 -0.089694 0.950326 -0.298053 10.849300 -0.023601 0.297147 0.954540 -0.097300 0.000000 0.000000 0.000000 1.000000
0.996445 0.084222 -0.002187 0.000200 -0.081384 0.955501 -0.283538 10.849300 -0.021790 0.282708 0.958959 -0.097300 0.000000 0.000000 0.000000 1.000000
0.997038 0.076908 -0.000183 0.000200 -0.074109 0.960110 -0.269623 10.849300 -0.020561 0.268837 0.962966 -0.097300 0.000000 0.000000 0.000000 1.000000
0.997341 0.072868 -0.000542 0.000200 -0.070456 0.962374 -0.262436 10.849300 -0.018602 0.261776 0.964949 -0.097300 0.000000 0.000000 0.000000 1.000000
0.997300 0.073395 -0.002350 0.000200 -0.071340 0.960788 -0.267951 10.849300 -0.017408 0.267395 0.963430 -0.097300 0.000000 0.000000 0.000000 1.000000
0.997215 0.074459 -0.004156 0.000200 -0.072857 0.960843 -0.267343 10.849300 -0.015913 0.266901 0.963592 -0.097300 0.000000 0.000000 0.000000 1.000000
0.997211 0.074492 -0.004495 0.000200 -0.073098 0.962867 -0.259892 10.849300 -0.015032 0.259496 0.965627 -0.097300 0.000000 0.000000 0.000000 1.000000</float_array><technique_common><accessor source="#Spine-Matrix-animation-output-transform-array" count="45" stride="16"><param type="float4x4"/></accessor></technique_common></source><source id="Spine-Interpolations"><Name_array id="Spine-Interpolations-array" count="45">
 LINEAR LINEAR LINEAR LINEAR LINEAR LINEAR LINEAR LINEAR LINEAR LINEAR LINEAR
LINEAR LINEAR LINEAR LINEAR LINEAR LINEAR LINEAR LINEAR LINEAR LINEAR LINEAR LINEAR
LINEAR LINEAR LINEAR LINEAR LINEAR LINEAR LINEAR LINEAR LINEAR LINEAR LINEAR LINEAR
LINEAR LINEAR LINEAR LINEAR LINEAR LINEAR LINEAR LINEAR LINEAR LINEAR</Name_array><technique_common><accessor source="#Spine-Interpolations-array" count="45"><param type="name"/></accessor></technique_common></source><sampler id="Spine-Matrix-animation-transform"><input semantic="INPUT" source="#Spine-Matrix-animation-input"/><input semantic="OUTPUT" source="#Spine-Matrix-animation-output-transform"/><input semantic="INTERPOLATION" source="#Spine-Interpolations"/></sampler><channel source="#Spine-Matrix-animation-transform" target="Spine/matrix"/></animation>
    <animation id="Spine1-anim" name="Spine1"><source id="Spine1-Matrix-animation-input"><float_array id="Spine1-Matrix-animation-input-array" count="45">

0.000000 0.033333 0.066667 0.100000 0.133333 0.166667 0.200000 0.233333 0.266667 0.300000 0.333333 0.366667 0.400000 0.433333 0.466667 0.500000
0.533333 0.566667 0.600000 0.633333 0.666667 0.700000 0.733333 0.766667 0.800000 0.833333 0.866667 0.900000 0.933333 0.966667 1.000000 1.033333
1.066667 1.100000 1.133333 1.166667 1.200000 1.233333 1.266667 1.300000 1.333333 1.366667 1.400000 1.433333 1.466667</float_array><technique_common><accessor source="#Spine1-Matrix-animation-input-array" count="45"><param name="TIME" type="float"/></accessor></technique_common></source><source id="Spine1-Matrix-animation-output-transform"><float_array id="Spine1-Matrix-animation-output-transform-array" count="720">

0.998759 0.048816 0.009843 -0.000000 -0.047557 0.993615 -0.102309 12.657500 -0.014774 0.101714 0.994704 -0.113600 0.000000 0.000000 0.000000 1.000000
0.998777 0.047319 0.014309 -0.000000 -0.045697 0.994144 -0.097927 12.657500 -0.018859 0.097153 0.995091 -0.113600 0.000000 0.000000 0.000000 1.000000
0.998719 0.047108 0.018491 0.000000 -0.045165 0.994520 -0.094287 12.657500 -0.022832 0.093331 0.995373 -0.113600 0.000000 0.000000 0.000000 1.000000
0.998762 0.043846 0.023477 -0.000000 -0.041464 0.994731 -0.093764 12.657500 -0.027464 0.092675 0.995318 -0.113600 0.000000 0.000000 0.000000 1.000000
0.998762 0.041124 0.027988 -0.000000 -0.038391 0.995019 -0.091999 12.657500 -0.031632 0.090811 0.995366 -0.113600 0.000000 0.000000 0.000000 1.000000
0.998791 0.040083 0.028447 0.000000 -0.037654 0.995977 -0.081316 12.657500 -0.031592 0.080147 0.996282 -0.113600 0.000000 0.000000 0.000000 1.000000
0.999172 0.030350 0.027113 -0.000000 -0.028045 0.996263 -0.081691 12.657500 -0.029491 0.080863 0.996289 -0.113600 0.000000 0.000000 0.000000 1.000000
0.999469 0.024331 0.021662 0.000000 -0.022642 0.996922 -0.075063 12.657500 -0.023422 0.074532 0.996944 -0.113600 0.000000 0.000000 0.000000 1.000000
0.999071 0.033717 0.026842 0.000000 -0.031690 0.996852 -0.072674 12.657500 -0.029208 0.071756 0.996994 -0.113600 0.000000 0.000000 0.000000 1.000000
0.998228 0.048429 0.034573 0.000000 -0.045412 0.995492 -0.083270 12.657500 -0.038449 0.081552 0.995927 -0.113600 0.000000 0.000000 0.000000 1.000000
0.997279 0.063781 0.036978 0.000000 -0.059491 0.992438 -0.107367 12.657500 -0.043546 0.104875 0.993532 -0.113600 0.000000 0.000000 0.000000 1.000000
0.996757 0.067545 0.043748 -0.000000 -0.060903 0.988480 -0.138555 12.657500 -0.052603 0.135441 0.989388 -0.113600 0.000000 0.000000 0.000000 1.000000
0.995868 0.069539 0.058413 -0.000000 -0.059872 0.986338 -0.153466 12.657500 -0.068287 0.149334 0.986426 -0.113600 0.000000 0.000000 0.000000 1.000000
0.996827 0.055772 0.056792 0.000000 -0.046033 0.985994 -0.160304 12.657500 -0.064937 0.157181 0.985433 -0.113600 0.000000 0.000000 0.000000 1.000000
0.997924 0.053208 0.036291 0.000000 -0.045367 0.980676 -0.190305 12.657500 -0.045716 0.188263 0.981054 -0.113600 0.000000 0.000000 0.000000 1.000000
0.998508 0.046012 0.029389 0.000000 -0.039925 0.982525 -0.181798 12.657500 -0.037240 0.180354 0.982897 -0.113600 0.000000 0.000000 0.000000 1.000000
0.999275 0.026016 0.027802 0.000000 -0.022367 0.991989 -0.124328 12.657500 -0.030814 0.123616 0.991852 -0.113600 0.000000 0.000000 0.000000 1.000000
0.999390 0.014169 0.031915 0.000000 -0.011568 0.996708 -0.080247 12.657500 -0.032947 0.079829 0.996264 -0.113600 0.000000 0.000000 0.000000 1.000000
0.999334 0.005679 0.036035 0.000000 -0.004673 0.999598 -0.027957 12.657500 -0.036180 0.027770 0.998959 -0.113600 0.000000 0.000000 0.000000 1.000000
0.999227 0.008064 0.038486 0.000000 -0.007460 0.999847 -0.015822 12.657500 -0.038608 0.015523 0.999134 -0.113600 0.000000 0.000000 0.000000 1.000000
0.999230 0.015735 0.035953 0.000000 -0.014769 0.999527 -0.026981 12.657500 -0.036361 0.026429 0.998989 -0.113600 0.000000 0.000000 0.000000 1.000000
0.999147 0.025541 0.032442 0.000000 -0.023498 0.997808 -0.061870 12.657500 -0.033951 0.061055 0.997557 -0.113600 0.000000 0.000000 0.000000 1.000000
0.999000 0.037901 0.023718 0.000000 -0.034568 0.991188 -0.127872 12.657500 -0.028355 0.126924 0.991507 -0.113600 0.000000 0.000000 0.000000 1.000000
0.998969 0.041040 0.019429 -0.000000 -0.037296 0.985681 -0.164443 12.657500 -0.025899 0.163548 0.986195 -0.113600 0.000000 0.000000 0.000000 1.000000
0.998832 0.043467 0.021082 -0.000000 -0.039652 0.986931 -0.156192 12.657500 -0.027595 0.155173 0.987502 -0.113600 0.000000 0.000000 0.000000 1.000000
0.998638 0.043795 0.028344 0.000000 -0.040300 0.992673 -0.113915 12.657500 -0.033125 0.112617 0.993086 -0.113600 0.000000 0.000000 0.000000 1.000000
0.998556 0.041185 0.034479 0.000000 -0.038534 0.996490 -0.074312 12.657500 -0.037418 0.072877 0.996639 -0.113600 0.000000 0.000000 0.000000 1.000000
0.998283 0.040871 0.041955 0.000000 -0.038487 0.997680 -0.056147 12.657500 -0.044153 0.054436 0.997541 -0.113600 0.000000 0.000000 0.000000 1.000000
0.998160 0.042660 0.043087 0.000000 -0.040789 0.998224 -0.043408 12.657500 -0.044863 0.041570 0.998128 -0.113600 0.000000 0.000000 0.000000 1.000000
0.998722 0.033517 0.037832 0.000000 -0.032360 0.999002 -0.030778 12.657500 -0.038825 0.029515 0.998810 -0.113600 0.000000 0.000000 0.000000 1.000000
0.999138 0.027990 0.030645 0.000000 -0.027334 0.999393 -0.021621 12.657500 -0.031232 0.020764 0.999296 -0.113600 0.000000 0.000000 0.000000 1.000000
0.999246 0.027990 0.026923 0.000000 -0.027490 0.999446 -0.018768 12.657500 -0.027433 0.018014 0.999461 -0.113600 0.000000 0.000000 0.000000 1.000000
0.999234 0.027748 0.027581 -0.000000 -0.027010 0.999277 -0.026770 12.657500 -0.028304 0.026005 0.999261 -0.113600 0.000000 0.000000 0.000000 1.000000
0.999201 0.029997 0.026408 0.000000 -0.028982 0.998856 -0.038032 12.657500 -0.027519 0.037236 0.998927 -0.113600 0.000000 0.000000 0.000000 1.000000
0.999197 0.033387 0.022163 0.000000 -0.032316 0.998370 -0.047038 12.657500 -0.023697 0.046284 0.998647 -0.113600 0.000000 0.000000 0.000000 1.000000
0.999123 0.036226 0.021009 0.000000 -0.035013 0.997845 -0.055499 12.657500 -0.022975 0.054715 0.998238 -0.113600 0.000000 0.000000 0.000000 1.000000
0.999129 0.036569 0.020082 0.000000 -0.035221 0.997340 -0.063821 12.657500 -0.022363 0.063058 0.997759 -0.113600 0.000000 0.000000 0.000000 1.000000
0.999153 0.035886 0.020141 0.000000 -0.034289 0.996614 -0.074728 12.657500 -0.022754 0.073975 0.997001 -0.113600 0.000000 0.000000 0.000000 1.000000
0.999042 0.040113 0.017499 0.000000 -0.038516 0.995754 -0.083607 12.657500 -0.020778 0.082853 0.996345 -0.113600 0.000000 0.000000 0.000000 1.000000
0.998945 0.042924 0.016344 0.000000 -0.041246 0.994910 -0.091944 12.657500 -0.020207 0.091172 0.995630 -0.113600 0.000000 0.000000 0.000000 1.000000
0.998810 0.046027 0.016144 0.000000 -0.044226 0.994178 -0.098251 12.657500 -0.020573 0.097420 0.995031 -0.113600 0.000000 0.000000 0.000000 1.000000
0.998764 0.047640 0.014177 -0.000000 -0.045988 0.993915 -0.100095 12.657500 -0.018860 0.099319 0.994877 -0.113600 0.000000 0.000000 0.000000 1.000000
0.998817 0.047101 0.012128 -0.000000 -0.045628 0.993773 -0.101656 12.657500 -0.016841 0.100983 0.994746 -0.113600 0.000000 0.000000 0.000000 1.000000
0.998804 0.047796 0.010340 0.000000 -0.046500 0.993725 -0.101726 12.657500 -0.015138 0.101124 0.994759 -0.113600 0.000000 0.000000 0.000000 1.000000
0.998759 0.048816 0.009842 0.000000 -0.047557 0.993615 -0.102308 12.657500 -0.014774 0.101713 0.994704 -0.113600 0.000000 0.000000 0.000000 1.000000</float_array><technique_common><accessor source="#Spine1-Matrix-animation-output-transform-array" count="45" stride="16"><param type="float4x4"/></accessor></technique_common></source><source id="Spine1-Interpolations"><Name_array id="Spine1-Interpolations-array" count="45">
 LINEAR LINEAR LINEAR LINEAR LINEAR LINEAR LINEAR LINEAR LINEAR LINEAR LINEAR
LINEAR LINEAR LINEAR LINEAR LINEAR LINEAR LINEAR LINEAR LINEAR LINEAR LINEAR LINEAR
LINEAR LINEAR LINEAR LINEAR LINEAR LINEAR LINEAR LINEAR LINEAR LINEAR LINEAR LINEAR
LINEAR LINEAR LINEAR LINEAR LINEAR LINEAR LINEAR LINEAR LINEAR LINEAR</Name_array><technique_common><accessor source="#Spine1-Interpolations-array" count="45"><param type="name"/></accessor></technique_common></source><sampler id="Spine1-Matrix-animation-transform"><input semantic="INPUT" source="#Spine1-Matrix-animation-input"/><input semantic="OUTPUT" source="#Spine1-Matrix-animation-output-transform"/><input semantic="INTERPOLATION" source="#Spine1-Interpolations"/></sampler><channel source="#Spine1-Matrix-animation-transform" target="Spine1/matrix"/></animation>
    <animation id="Spine2-anim" name="Spine2"><source id="Spine2-Matrix-animation-input"><float_array id="Spine2-Matrix-animation-input-array" count="45">

0.000000 0.033333 0.066667 0.100000 0.133333 0.166667 0.200000 0.233333 0.266667 0.300000 0.333333 0.366667 0.400000 0.433333 0.466667 0.500000
0.533333 0.566667 0.600000 0.633333 0.666667 0.700000 0.733333 0.766667 0.800000 0.833333 0.866667 0.900000 0.933333 0.966667 1.000000 1.033333
1.066667 1.100000 1.133333 1.166667 1.200000 1.233333 1.266667 1.300000 1.333333 1.366667 1.400000 1.433333 1.466667</float_array><technique_common><accessor source="#Spine2-Matrix-animation-input-array" count="45"><param name="TIME" type="float"/></accessor></technique_common></source><source id="Spine2-Matrix-animation-output-transform"><float_array id="Spine2-Matrix-animation-output-transform-array" count="720">

0.998690 0.049895 0.011313 0.000000 -0.048482 0.993577 -0.102243 14.465700 -0.016342 0.101560 0.994695 -0.129800 0.000000 0.000000 0.000000 1.000000
0.998687 0.048735 0.015815 0.000000 -0.046963 0.994103 -0.097747 14.465700 -0.020485 0.096876 0.995086 -0.129800 0.000000 0.000000 0.000000 1.000000
0.998606 0.048855 0.019962 0.000000 -0.046773 0.994473 -0.093997 14.465700 -0.024444 0.092932 0.995372 -0.129800 0.000000 0.000000 0.000000 1.000000
0.998616 0.046103 0.025309 -0.000000 -0.043555 0.994677 -0.093384 14.465700 -0.029480 0.092152 0.995308 -0.129800 0.000000 0.000000 0.000000 1.000000
0.998578 0.043918 0.030207 -0.000000 -0.040990 0.994958 -0.091531 14.465700 -0.034074 0.090163 0.995344 -0.129800 0.000000 0.000000 0.000000 1.000000
0.998597 0.042909 0.031029 0.000000 -0.040284 0.995918 -0.080775 14.465700 -0.034369 0.079411 0.996249 -0.129800 0.000000 0.000000 0.000000 1.000000
0.998961 0.033146 0.031281 0.000000 -0.030517 0.996240 -0.081088 14.465700 -0.033851 0.080049 0.996216 -0.129800 0.000000 0.000000 0.000000 1.000000
0.999299 0.026284 0.026663 0.000000 -0.024233 0.996923 -0.074549 14.465700 -0.028541 0.073851 0.996861 -0.129800 0.000000 0.000000 0.000000 1.000000
0.998870 0.036403 0.030544 0.000000 -0.034124 0.996814 -0.072092 14.465700 -0.033071 0.070968 0.996930 -0.129800 0.000000 0.000000 0.000000 1.000000
0.997952 0.052388 0.036704 0.000000 -0.049214 0.995366 -0.082615 14.465700 -0.040862 0.080639 0.995905 -0.129800 0.000000 0.000000 0.000000 1.000000
0.996964 0.068193 0.037595 0.000000 -0.063845 0.992235 -0.106741 14.465700 -0.044582 0.104017 0.993576 -0.129800 0.000000 0.000000 0.000000 1.000000
0.996380 0.072600 0.044236 -0.000000 -0.065879 0.988237 -0.138015 14.465700 -0.053736 0.134601 0.989442 -0.129800 0.000000 0.000000 0.000000 1.000000
0.995400 0.075320 0.059201 0.000000 -0.065525 0.986076 -0.152841 14.465700 -0.069889 0.148259 0.986476 -0.129800 0.000000 0.000000 0.000000 1.000000
0.996382 0.061542 0.058608 0.000000 -0.051529 0.985897 -0.159220 14.465700 -0.067580 0.155624 0.985502 -0.129800 0.000000 0.000000 0.000000 1.000000
0.997550 0.058087 0.038984 0.000000 -0.049690 0.980599 -0.189620 14.465700 -0.049242 0.187219 0.981083 -0.129800 0.000000 0.000000 0.000000 1.000000
0.998215 0.049952 0.032721 0.000000 -0.043222 0.982481 -0.181284 14.465700 -0.041204 0.179546 0.982886 -0.129800 0.000000 0.000000 0.000000 1.000000
0.999057 0.028358 0.032867 0.000000 -0.024069 0.991962 -0.124226 14.465700 -0.036126 0.123317 0.991710 -0.129800 0.000000 0.000000 0.000000 1.000000
0.999178 0.016110 0.037195 -0.000000 -0.013082 0.996688 -0.080264 14.465700 -0.038364 0.079712 0.996079 -0.129800 0.000000 0.000000 0.000000 1.000000
0.999136 0.007686 0.040845 0.000000 -0.006550 0.999590 -0.027863 14.465700 -0.041042 0.027571 0.998777 -0.129800 0.000000 0.000000 0.000000 1.000000
0.999008 0.010867 0.043175 0.000000 -0.010210 0.999829 -0.015410 14.465700 -0.043335 0.014954 0.998949 -0.129800 0.000000 0.000000 0.000000 1.000000
0.999016 0.018359 0.040363 0.000000 -0.017297 0.999499 -0.026502 14.465700 -0.040830 0.025777 0.998834 -0.129800 0.000000 0.000000 0.000000 1.000000
0.998953 0.028204 0.036017 -0.000000 -0.025957 0.997775 -0.061404 14.465700 -0.037669 0.060405 0.997463 -0.129800 0.000000 0.000000 0.000000 1.000000
0.998801 0.040827 0.027011 0.000000 -0.037069 0.991156 -0.127418 14.465700 -0.031974 0.126264 0.991481 -0.129800 0.000000 0.000000 0.000000 1.000000
0.998748 0.044359 0.023145 0.000000 -0.039978 0.985654 -0.163974 14.465700 -0.030087 0.162844 0.986193 -0.129800 0.000000 0.000000 0.000000 1.000000
0.998614 0.046607 0.024457 0.000000 -0.042251 0.986922 -0.155562 14.465700 -0.031387 0.154313 0.987523 -0.129800 0.000000 0.000000 0.000000 1.000000
0.998393 0.047334 0.031166 0.000000 -0.043531 0.992631 -0.113088 14.465700 -0.036289 0.111550 0.993096 -0.129800 0.000000 0.000000 0.000000 1.000000
0.998295 0.045343 0.036752 -0.000000 -0.042554 0.996394 -0.073397 14.465700 -0.039948 0.071708 0.996625 -0.129800 0.000000 0.000000 0.000000 1.000000
0.997989 0.046307 0.043280 0.000000 -0.043897 0.997518 -0.055060 14.465700 -0.045723 0.053049 0.997545 -0.129800 0.000000 0.000000 0.000000 1.000000
0.997914 0.048044 0.043120 -0.000000 -0.046223 0.998036 -0.042291 14.465700 -0.045067 0.040210 0.998174 -0.129800 0.000000 0.000000 0.000000 1.000000
0.998543 0.037597 0.038695 0.000000 -0.036451 0.998888 -0.029912 14.465700 -0.039777 0.028458 0.998803 -0.129800 0.000000 0.000000 0.000000 1.000000
0.999029 0.030204 0.032083 0.000000 -0.029533 0.999339 -0.021186 14.465700 -0.032702 0.020218 0.999261 -0.129800 0.000000 0.000000 0.000000 1.000000
0.999179 0.029154 0.028127 -0.000000 -0.028638 0.999417 -0.018581 14.465700 -0.028652 0.017760 0.999432 -0.129800 0.000000 0.000000 0.000000 1.000000
0.999161 0.029270 0.028636 -0.000000 -0.028510 0.999240 -0.026583 14.465700 -0.029392 0.025744 0.999236 -0.129800 0.000000 0.000000 0.000000 1.000000
0.999131 0.031622 0.027150 -0.000000 -0.030582 0.998813 -0.037901 14.465700 -0.028316 0.037038 0.998913 -0.129800 0.000000 0.000000 0.000000 1.000000
0.999149 0.034398 0.022766 0.000000 -0.033297 0.998336 -0.047084 14.465700 -0.024348 0.046286 0.998631 -0.129800 0.000000 0.000000 0.000000 1.000000
0.999064 0.037353 0.021811 0.000000 -0.036096 0.997809 -0.055447 14.465700 -0.023834 0.054608 0.998223 -0.129800 0.000000 0.000000 0.000000 1.000000
0.999059 0.037837 0.021215 -0.000000 -0.036416 0.997300 -0.063763 14.465700 -0.023570 0.062930 0.997740 -0.129800 0.000000 0.000000 0.000000 1.000000
0.999055 0.037562 0.021856 -0.000000 -0.035836 0.996568 -0.074626 14.465700 -0.024585 0.073772 0.996972 -0.129800 0.000000 0.000000 0.000000 1.000000
0.998948 0.041680 0.019128 -0.000000 -0.039946 0.995707 -0.083492 14.465700 -0.022526 0.082640 0.996325 -0.129800 0.000000 0.000000 0.000000 1.000000
0.998841 0.044611 0.018060 -0.000000 -0.042774 0.994862 -0.091757 14.465700 -0.022061 0.090878 0.995618 -0.129800 0.000000 0.000000 0.000000 1.000000
0.998692 0.047944 0.017751 -0.000000 -0.045983 0.994128 -0.097955 14.465700 -0.022343 0.097011 0.995032 -0.129800 0.000000 0.000000 0.000000 1.000000
0.998657 0.049364 0.015733 0.000000 -0.047555 0.993868 -0.099826 14.465700 -0.020564 0.098944 0.994881 -0.129800 0.000000 0.000000 0.000000 1.000000
0.998728 0.048476 0.013892 -0.000000 -0.046822 0.993734 -0.101494 14.465700 -0.018725 0.100714 0.994739 -0.129800 0.000000 0.000000 0.000000 1.000000
0.998733 0.048880 0.012002 0.000000 -0.047411 0.993689 -0.101653 14.465700 -0.016895 0.100955 0.994747 -0.129800 0.000000 0.000000 0.000000 1.000000
0.998690 0.049895 0.011313 -0.000000 -0.048482 0.993577 -0.102243 14.465700 -0.016341 0.101560 0.994695 -0.129800 0.000000 0.000000 0.000000 1.000000</float_array><technique_common><accessor source="#Spine2-Matrix-animation-output-transform-array" count="45" stride="16"><param type="float4x4"/></accessor></technique_common></source><source id="Spine2-Interpolations"><Name_array id="Spine2-Interpolations-array" count="45">
 LINEAR LINEAR LINEAR LINEAR LINEAR LINEAR LINEAR LINEAR LINEAR LINEAR LINEAR
LINEAR LINEAR LINEAR LINEAR LINEAR LINEAR LINEAR LINEAR LINEAR LINEAR LINEAR LINEAR
LINEAR LINEAR LINEAR LINEAR LINEAR LINEAR LINEAR LINEAR LINEAR LINEAR LINEAR LINEAR
LINEAR LINEAR LINEAR LINEAR LINEAR LINEAR LINEAR LINEAR LINEAR LINEAR</Name_array><technique_common><accessor source="#Spine2-Interpolations-array" count="45"><param type="name"/></accessor></technique_common></source><sampler id="Spine2-Matrix-animation-transform"><input semantic="INPUT" source="#Spine2-Matrix-animation-input"/><input semantic="OUTPUT" source="#Spine2-Matrix-animation-output-transform"/><input semantic="INTERPOLATION" source="#Spine2-Interpolations"/></sampler><channel source="#Spine2-Matrix-animation-transform" target="Spine2/matrix"/></animation>
    <animation id="Neck-anim" name="Neck"><source id="Neck-Matrix-animation-input"><float_array id="Neck-Matrix-animation-input-array" count="45">

0.000000 0.033333 0.066667 0.100000 0.133333 0.166667 0.200000 0.233333 0.266667 0.300000 0.333333 0.366667 0.400000 0.433333 0.466667 0.500000
0.533333 0.566667 0.600000 0.633333 0.666667 0.700000 0.733333 0.766667 0.800000 0.833333 0.866667 0.900000 0.933333 0.966667 1.000000 1.033333
1.066667 1.100000 1.133333 1.166667 1.200000 1.233333 1.266667 1.300000 1.333333 1.366667 1.400000 1.433333 1.466667</float_array><technique_common><accessor source="#Neck-Matrix-animation-input-array" count="45"><param name="TIME" type="float"/></accessor></technique_common></source><source id="Neck-Matrix-animation-output-transform"><float_array id="Neck-Matrix-animation-output-transform-array" count="720">

0.997548 -0.065338 0.025080 0.000000 0.063641 0.995960 0.063348 17.773800 -0.029118 -0.061596 0.997676 1.014400 0.000000 0.000000 0.000000 1.000000
0.997301 -0.067289 0.029384 -0.000000 0.063634 0.991743 0.111336 17.773800 -0.036633 -0.109166 0.993348 1.014400 0.000000 0.000000 0.000000 1.000000
0.996412 -0.075617 0.038014 0.000000 0.067080 0.979475 0.190078 17.773800 -0.051607 -0.186846 0.981033 1.014400 0.000000 0.000000 0.000000 1.000000
0.994011 -0.099204 0.045841 0.000000 0.082024 0.954442 0.286901 17.773800 -0.072215 -0.281422 0.956863 1.014400 0.000000 0.000000 0.000000 1.000000
0.989669 -0.136473 0.043932 -0.000000 0.110673 0.922009 0.371014 17.773800 -0.091139 -0.362319 0.927587 1.014400 0.000000 0.000000 0.000000 1.000000
0.985126 -0.168321 0.034576 0.000000 0.138707 0.897712 0.418179 17.773800 -0.101428 -0.407163 0.907706 1.014400 0.000000 0.000000 0.000000 1.000000
0.983247 -0.180089 0.028170 0.000000 0.150665 0.889935 0.430483 17.773800 -0.102595 -0.419026 0.902159 1.014400 0.000000 0.000000 0.000000 1.000000
0.983547 -0.179614 0.019336 0.000000 0.154908 0.893607 0.421273 17.773800 -0.092945 -0.411346 0.906728 1.014400 0.000000 0.000000 0.000000 1.000000
0.983633 -0.180155 0.003126 0.000000 0.163849 0.901551 0.400448 17.773800 -0.074961 -0.393382 0.916314 1.014400 0.000000 0.000000 0.000000 1.000000
0.983269 -0.181676 -0.013283 -0.000000 0.173971 0.914947 0.364151 17.773800 -0.054005 -0.360369 0.931245 1.014400 0.000000 0.000000 0.000000 1.000000
0.984579 -0.172589 -0.028600 0.000000 0.173257 0.939337 0.296020 17.773800 -0.024225 -0.296410 0.954754 1.014400 0.000000 0.000000 0.000000 1.000000
0.986560 -0.155053 -0.051561 0.000000 0.162343 0.965948 0.201465 17.773800 0.018568 -0.207128 0.978138 1.014400 0.000000 0.000000 0.000000 1.000000
0.987488 -0.137456 -0.077288 0.000000 0.146955 0.979908 0.134851 17.773800 0.057199 -0.144522 0.987847 1.014400 0.000000 0.000000 0.000000 1.000000
0.990989 -0.110005 -0.076420 0.000000 0.120206 0.982087 0.145105 17.773800 0.059089 -0.152984 0.986461 1.014400 0.000000 0.000000 0.000000 1.000000
0.995883 -0.078713 -0.044957 0.000000 0.086154 0.976109 0.199470 17.773800 0.028182 -0.202522 0.978872 1.014400 0.000000 0.000000 0.000000 1.000000
0.997404 -0.071033 -0.011822 -0.000000 0.071809 0.968885 0.236866 17.773800 -0.005371 -0.237100 0.971470 1.014400 0.000000 0.000000 0.000000 1.000000
0.995543 -0.094309 -0.000759 0.000000 0.091380 0.962572 0.255157 17.773800 -0.023333 -0.254089 0.966899 1.014400 0.000000 0.000000 0.000000 1.000000
0.992729 -0.120231 -0.005739 0.000000 0.116825 0.950933 0.286495 17.773800 -0.028988 -0.285082 0.958065 1.014400 0.000000 0.000000 0.000000 1.000000
0.992170 -0.124628 -0.008112 -0.000000 0.120056 0.933844 0.336930 17.773800 -0.034416 -0.335266 0.941495 1.014400 0.000000 0.000000 0.000000 1.000000
0.993433 -0.114417 0.000265 -0.000000 0.105722 0.918817 0.380262 17.773800 -0.043752 -0.377736 0.924879 1.014400 0.000000 0.000000 0.000000 1.000000
0.994235 -0.106614 0.011382 -0.000000 0.093965 0.917531 0.386404 17.773800 -0.051639 -0.383107 0.922259 1.014400 0.000000 0.000000 0.000000 1.000000
0.995164 -0.096204 0.019826 -0.000000 0.083639 0.935778 0.342526 17.773800 -0.051505 -0.339211 0.939299 1.014400 0.000000 0.000000 0.000000 1.000000
0.997684 -0.063849 0.023450 0.000000 0.055996 0.966701 0.249707 17.773800 -0.038613 -0.247815 0.968038 1.014400 0.000000 0.000000 0.000000 1.000000
0.999930 -0.009151 0.007542 0.000000 0.008124 0.991937 0.126474 17.773800 -0.008639 -0.126404 0.991941 1.014400 0.000000 0.000000 0.000000 1.000000
0.999327 0.025247 -0.026613 0.000000 -0.024151 0.998879 0.040724 17.773800 0.027611 -0.040054 0.998816 1.014400 0.000000 0.000000 0.000000 1.000000
0.999180 0.006885 -0.039896 0.000000 -0.004109 0.997590 0.069262 17.773800 0.040277 -0.069042 0.996800 1.014400 0.000000 0.000000 0.000000 1.000000
